NAME: WALL_FOLLOWING_ROBOT_2
NB_SAMPLES: 5456
NB_ATTRIBUTES: 2
ATTRIBUTE_TYPES: N N
NB_CLASSES: 4
1.687 0.445 1
1.687 0.449 1
1.687 0.449 1
1.687 0.449 1
1.687 0.449 1
1.686 0.446 1
1.684 0.451 1
1.680 0.453 1
0.753 0.457 2
0.744 0.462 2
0.735 0.467 2
0.729 0.469 2
0.723 0.477 2
0.757 0.480 2
0.760 0.483 2
0.757 0.482 2
0.761 0.482 2
0.762 0.482 2
0.765 0.482 2
0.812 0.481 2
0.814 0.480 2
0.811 0.479 2
0.908 0.478 1
1.270 0.477 1
1.639 0.476 1
1.638 0.475 1
1.637 0.474 1
1.636 0.475 1
1.635 0.475 1
1.635 0.475 1
1.635 0.475 1
1.635 0.475 1
1.633 0.475 1
1.629 0.474 1
1.624 0.473 1
1.618 0.473 1
1.611 0.473 1
1.609 0.472 1
1.603 0.471 1
0.576 0.471 2
1.581 0.471 1
1.572 0.471 1
1.562 0.470 1
1.553 0.470 1
1.179 0.470 1
1.167 0.470 1
1.159 0.471 1
1.151 0.471 1
1.143 0.471 1
1.136 0.471 1
1.128 0.472 1
1.477 0.472 1
1.129 0.473 1
1.457 0.473 1
1.448 0.474 1
1.438 0.475 1
1.428 0.486 1
1.418 0.485 1
1.409 0.486 1
1.399 0.485 1
1.390 0.486 1
1.380 0.487 1
1.370 0.489 1
1.361 0.491 1
1.354 0.494 1
1.344 0.496 0
1.330 0.498 0
1.320 0.499 0
1.310 0.501 0
1.298 0.504 0
1.285 0.507 0
1.271 0.511 0
1.256 0.515 0
1.239 0.520 0
1.223 0.525 0
1.206 0.530 0
1.188 0.535 0
1.170 0.541 0
1.152 0.548 0
1.133 0.554 0
1.114 0.560 0
1.094 0.567 0
1.075 0.573 0
1.056 0.580 0
1.037 0.586 0
1.019 0.593 0
1.001 0.599 0
0.983 0.606 0
0.966 0.612 0
0.948 0.619 0
0.931 0.625 0
0.914 0.632 0
0.898 0.638 2
0.881 0.645 2
0.864 0.652 2
0.847 0.658 2
0.830 0.660 2
0.815 0.662 2
0.801 0.667 2
0.792 0.670 2
0.792 0.665 2
0.795 0.666 2
0.796 0.665 2
0.796 0.665 2
0.796 0.665 2
0.799 0.664 2
0.799 0.664 2
0.798 0.664 2
0.799 0.664 2
0.798 0.663 2
0.797 0.666 2
0.792 0.671 2
0.791 0.684 2
0.790 0.674 2
0.789 0.660 2
0.788 0.660 2
0.787 0.659 2
0.786 0.661 2
0.785 0.665 2
0.788 0.717 2
0.787 0.833 2
0.790 0.779 2
0.814 0.668 2
0.807 0.809 2
0.786 0.805 2
0.785 0.804 2
0.787 0.854 2
0.791 0.800 2
0.794 0.786 2
0.814 0.780 2
0.880 0.776 2
1.593 0.774 0
1.593 0.770 0
1.593 0.765 0
1.593 0.765 0
1.592 0.763 0
1.591 0.763 0
1.590 0.763 0
1.588 0.763 0
1.586 0.758 0
1.576 0.759 0
1.566 0.753 0
1.555 0.751 0
0.932 0.745 0
1.525 0.739 0
1.508 0.733 0
1.494 0.727 0
1.473 0.721 0
1.454 0.715 0
1.438 0.707 0
1.419 0.700 0
1.399 0.694 0
1.379 0.690 0
1.358 0.683 0
1.338 0.673 0
1.317 0.666 0
0.891 0.663 2
1.276 0.652 0
1.255 0.645 0
1.233 0.638 0
1.212 0.627 0
1.193 0.623 0
1.174 0.613 0
1.156 0.607 0
1.138 0.600 0
1.121 0.594 0
1.105 0.588 0
1.089 0.582 0
1.074 0.576 0
1.058 0.570 0
1.043 0.564 0
1.026 0.562 0
1.009 0.555 0
0.989 0.549 0
0.733 0.539 2
0.711 0.540 2
0.679 0.530 2
0.658 0.521 2
0.650 0.515 2
0.644 0.509 2
0.639 0.504 2
0.860 0.504 2
0.859 0.496 2
0.861 0.491 2
0.865 0.491 2
0.865 0.491 2
0.865 0.490 2
0.865 0.490 2
0.865 0.489 2
0.865 0.488 2
0.868 0.487 2
0.867 0.486 2
0.870 0.485 2
0.869 0.485 2
0.740 0.484 2
0.740 0.483 2
0.861 0.482 2
0.859 0.480 2
0.857 0.478 2
0.853 0.477 2
0.850 0.475 2
0.852 0.474 2
0.852 0.472 2
0.851 0.470 2
0.854 0.467 2
0.857 0.465 2
0.873 0.462 2
1.491 0.460 1
1.202 0.458 1
1.201 0.456 1
1.200 0.455 1
1.198 0.454 1
1.198 0.455 1
1.198 0.455 1
1.197 0.456 1
1.198 0.456 1
1.191 0.457 1
1.186 0.458 1
1.567 0.459 1
1.208 0.461 1
1.553 0.462 1
1.191 0.464 1
1.535 0.465 1
1.528 0.466 1
1.519 0.468 1
1.512 0.470 1
1.416 0.471 1
1.522 0.473 1
1.475 0.476 1
1.487 0.478 1
1.473 0.480 1
1.472 0.483 1
1.459 0.486 1
1.462 0.489 1
1.340 0.491 1
1.335 0.494 1
1.421 0.497 0
1.421 0.500 0
1.414 0.504 0
1.404 0.507 0
1.393 0.511 0
1.381 0.515 0
1.368 0.520 0
1.353 0.526 0
1.309 0.531 0
1.293 0.538 0
1.273 0.545 0
1.287 0.551 0
1.269 0.559 0
1.220 0.566 0
1.202 0.574 0
1.183 0.581 0
1.165 0.589 0
1.143 0.597 0
1.128 0.604 0
1.106 0.612 0
1.090 0.619 0
1.068 0.627 0
1.049 0.635 0
1.030 0.642 0
1.012 0.650 0
0.994 0.657 0
0.975 0.664 0
0.957 0.672 0
0.942 0.679 0
1.173 0.686 0
1.160 0.695 0
1.148 0.702 0
1.139 0.707 0
1.128 0.702 0
1.126 0.704 0
1.473 0.710 0
1.454 0.713 0
1.434 0.719 0
1.412 0.726 0
1.063 0.733 0
1.050 0.741 0
1.040 0.748 0
1.030 0.756 0
1.021 0.763 0
1.011 0.771 0
0.642 0.778 2
0.622 0.786 2
0.606 0.793 2
0.589 0.801 2
0.574 0.805 2
0.559 0.807 2
0.547 0.797 2
0.541 0.786 2
0.549 0.784 2
0.983 0.780 0
0.984 0.780 0
0.983 0.780 0
0.983 0.780 0
0.981 0.780 0
0.980 0.780 0
0.979 0.779 0
0.978 0.779 0
0.978 0.779 0
0.977 0.779 0
0.976 0.778 0
0.974 0.778 0
0.972 0.777 0
0.968 0.777 0
0.961 0.776 0
0.952 0.775 0
0.937 0.773 0
0.924 0.775 0
0.910 0.774 0
0.895 0.773 2
0.880 0.779 2
0.864 0.779 2
0.847 0.779 2
0.832 0.778 2
0.817 0.775 2
0.804 0.771 2
0.793 0.771 2
0.792 0.769 2
0.789 0.768 2
0.791 0.767 2
0.792 0.766 2
0.792 0.766 2
0.792 0.765 2
0.791 0.765 2
0.790 0.764 2
0.791 0.766 2
0.790 0.766 2
0.790 0.769 2
0.789 0.872 2
0.789 0.870 2
0.789 0.865 2
0.788 0.772 2
0.787 0.759 2
0.786 0.753 2
0.785 0.751 2
0.785 0.749 2
0.784 0.746 2
0.787 0.744 2
1.815 0.746 0
0.810 0.381 2
0.789 0.376 2
0.785 0.374 2
0.785 0.374 2
0.785 0.373 2
0.785 0.373 2
0.785 0.372 2
0.785 0.372 2
0.785 0.371 2
0.788 0.370 2
0.788 0.370 2
0.788 0.372 2
0.791 0.751 2
0.798 0.743 2
0.811 0.836 2
1.824 0.835 0
1.821 0.371 1
1.817 0.363 1
1.816 0.357 1
1.814 0.357 1
1.813 0.357 1
1.813 0.357 1
1.810 0.357 1
1.810 0.356 1
1.810 0.356 1
0.963 0.356 1
1.810 0.356 1
0.957 0.357 1
1.799 0.357 1
0.937 0.358 1
0.930 0.362 1
0.919 0.747 0
0.912 0.746 0
0.905 0.742 0
0.900 0.738 2
0.898 0.734 2
1.727 0.383 1
2.715 0.374 1
2.094 0.374 1
2.693 0.378 1
2.681 0.386 1
2.670 0.700 0
2.660 0.697 0
2.651 0.693 0
2.644 0.690 0
2.634 0.687 0
2.622 0.683 0
2.618 0.680 0
2.595 0.676 0
1.567 0.672 0
1.557 0.668 0
1.537 0.664 0
2.528 0.660 0
1.499 0.655 0
1.478 0.651 0
1.459 0.647 0
1.441 0.538 0
1.422 0.640 0
1.407 0.636 0
1.388 0.632 0
1.369 0.628 0
1.350 0.624 0
1.331 0.620 0
1.309 0.616 0
1.294 0.612 0
1.275 0.608 0
2.249 0.604 0
2.230 0.599 0
2.210 0.595 0
2.191 0.589 0
2.171 0.585 0
2.151 0.583 0
2.131 0.580 0
2.111 0.576 0
2.092 0.572 0
2.072 0.568 0
2.053 0.564 0
2.034 0.561 0
2.014 0.557 0
1.994 0.553 0
1.975 0.549 0
1.955 0.545 0
1.935 0.541 0
1.916 0.537 0
1.897 0.533 0
1.878 0.530 0
1.859 0.526 0
1.840 0.522 0
1.822 0.518 0
0.584 0.515 2
0.577 0.511 2
0.577 0.507 2
0.573 0.504 2
0.790 0.500 2
0.777 0.497 2
0.765 0.494 2
0.760 0.491 2
0.761 0.490 2
0.769 0.490 2
0.770 0.489 2
0.773 0.490 2
0.773 0.489 2
0.770 0.489 2
0.773 0.488 2
1.501 0.487 1
1.495 0.487 1
1.494 0.486 1
1.491 0.485 1
1.496 0.485 1
1.702 0.485 1
1.492 0.485 1
1.491 0.485 1
1.492 0.485 1
1.694 0.484 1
1.689 0.483 1
1.682 0.483 1
1.675 0.482 1
1.666 0.481 1
1.656 0.480 1
0.583 0.479 2
1.635 0.478 1
1.624 0.478 1
1.613 0.478 1
1.603 0.477 1
1.593 0.477 1
1.584 0.478 1
1.575 0.477 1
1.567 0.478 1
1.559 0.478 1
1.550 0.478 1
1.541 0.479 1
1.531 0.480 1
1.521 0.480 1
1.511 0.481 1
1.316 0.482 1
1.304 0.483 1
1.296 0.484 1
1.291 0.485 1
1.283 0.486 1
1.278 0.487 1
1.273 0.488 1
1.432 0.490 1
1.422 0.491 1
1.412 0.493 1
1.402 0.494 1
1.392 0.496 0
1.382 0.498 0
1.372 0.499 0
1.361 0.501 0
1.349 0.503 0
1.336 0.506 0
1.322 0.509 0
1.308 0.513 0
1.292 0.516 0
1.275 0.521 0
1.259 0.526 0
1.241 0.531 0
1.223 0.536 0
1.205 0.541 0
1.186 0.547 0
1.168 0.553 0
1.150 0.559 0
1.131 0.565 0
1.113 0.571 0
1.094 0.578 0
1.075 0.584 0
1.056 0.591 0
1.037 0.597 0
1.018 0.604 0
0.998 0.608 0
0.979 0.615 0
0.959 0.623 0
0.940 0.631 0
0.923 0.638 0
0.904 0.645 0
0.882 0.652 2
0.864 0.658 2
0.846 0.665 2
0.827 0.671 2
0.809 0.678 2
0.792 0.684 2
0.776 0.689 2
0.767 0.690 2
0.767 0.687 2
0.769 0.686 2
0.770 0.685 2
0.770 0.685 2
0.769 0.685 2
0.769 0.684 2
0.769 0.684 2
0.769 0.683 2
0.768 0.683 2
0.768 0.682 2
0.768 0.681 2
0.769 0.680 2
0.765 0.682 2
0.763 0.684 2
0.762 0.683 2
0.761 0.681 2
0.760 0.677 2
0.759 0.676 2
0.758 0.679 2
0.757 0.679 2
0.756 0.682 2
0.755 0.689 2
0.762 0.720 2
0.769 0.783 2
0.772 0.685 2
0.758 0.779 2
0.758 0.779 2
0.758 0.776 2
0.761 0.851 2
0.764 0.713 2
0.768 0.753 2
1.566 0.749 0
1.567 0.745 0
1.568 0.711 0
1.570 0.741 0
1.572 0.740 0
1.567 0.742 0
1.560 0.724 0
1.551 0.734 0
1.540 0.726 0
1.527 0.720 0
1.513 0.714 0
1.497 0.707 0
1.481 0.700 0
1.464 0.693 0
1.447 0.686 0
1.429 0.678 0
1.411 0.671 0
1.392 0.664 0
1.374 0.656 0
1.355 0.648 0
1.335 0.644 0
1.316 0.638 0
1.297 0.630 0
1.278 0.624 0
1.262 0.617 0
1.240 0.610 0
1.223 0.604 0
1.200 0.597 0
1.180 0.587 0
1.161 0.580 0
1.141 0.574 0
1.121 0.566 0
1.102 0.562 0
1.083 0.556 0
1.065 0.549 0
1.046 0.543 0
1.028 0.537 0
1.010 0.530 0
0.992 0.524 0
0.974 0.517 0
0.956 0.512 0
0.938 0.505 0
0.690 0.498 2
0.671 0.489 2
0.619 0.483 2
0.607 0.477 2
0.593 0.473 2
0.580 0.465 2
0.568 0.462 2
0.821 0.462 2
0.824 0.458 2
0.826 0.455 2
0.825 0.454 2
0.825 0.454 2
0.825 0.453 2
0.822 0.452 2
0.507 0.452 2
0.507 0.451 2
0.507 0.451 2
0.508 0.450 2
0.508 0.450 2
0.508 0.449 2
0.508 0.448 2
0.508 0.448 2
0.512 0.447 2
0.823 0.447 2
0.823 0.446 2
0.823 0.445 2
0.823 0.443 2
0.823 0.438 2
0.824 0.440 2
0.824 0.438 2
0.829 0.436 2
0.830 0.435 2
0.829 0.433 2
0.826 0.431 2
0.826 0.428 2
0.825 0.426 2
0.825 0.423 2
0.825 0.421 2
0.828 0.419 2
0.828 0.417 2
0.829 0.416 2
0.831 0.414 2
0.826 0.411 2
0.825 0.408 2
0.824 0.405 2
0.820 0.403 2
0.820 0.400 2
0.822 0.399 2
0.821 0.397 2
0.824 0.396 2
0.824 0.395 2
0.819 0.407 2
0.813 0.399 2
0.811 0.395 2
0.810 0.393 2
0.805 0.393 2
0.808 0.396 2
0.806 0.423 2
0.809 0.431 2
0.811 0.435 2
0.904 0.403 1
0.804 0.404 2
0.803 0.405 2
0.802 0.427 2
0.802 0.431 2
0.805 0.478 2
0.802 0.477 2
0.805 0.477 2
0.805 0.479 2
0.805 0.479 2
0.808 0.478 2
0.822 0.490 2
0.825 0.937 2
3.338 0.423 1
3.335 0.424 1
3.335 0.425 1
3.335 0.422 1
3.335 0.425 1
3.335 0.422 1
3.335 0.425 1
3.335 0.425 1
3.335 0.425 1
3.334 0.427 1
2.935 0.426 1
2.923 0.431 1
3.322 0.436 1
3.316 0.443 1
3.309 0.454 1
3.301 0.463 1
3.290 0.479 1
3.281 0.761 0
3.273 0.756 0
3.267 0.751 0
3.258 0.747 0
3.250 0.746 0
3.237 0.741 0
3.220 0.735 0
3.205 0.729 0
3.189 0.723 0
3.172 0.716 0
3.160 0.713 0
3.138 0.706 0
3.082 0.710 0
0.940 0.694 0
0.940 0.694 0
3.023 0.684 0
3.001 0.682 0
2.981 0.656 0
2.965 0.646 0
2.659 0.650 0
2.641 0.634 0
2.651 0.625 0
2.885 0.623 0
2.866 0.614 0
2.581 0.613 0
2.828 0.607 0
2.549 0.599 0
2.544 0.597 0
2.505 0.593 0
2.471 0.589 0
2.466 0.589 0
2.715 0.587 0
2.696 0.585 0
2.281 0.606 0
2.261 0.598 0
2.248 0.593 0
2.630 0.584 0
2.604 0.597 0
2.585 0.574 0
2.565 0.568 0
2.546 0.559 0
2.527 0.553 0
2.508 0.547 0
2.486 0.540 0
2.468 0.534 0
2.448 0.528 0
2.432 0.520 0
2.410 0.518 0
2.394 0.525 0
2.372 0.501 0
2.353 0.497 0
2.338 0.491 1
2.316 0.481 1
2.297 0.476 1
1.914 0.471 1
1.889 0.464 1
1.877 0.463 1
2.225 0.461 1
2.209 0.460 1
2.194 0.461 1
2.180 0.458 1
2.166 0.457 1
1.877 0.515 0
1.879 0.474 1
2.130 0.471 1
2.120 0.467 1
1.838 0.460 1
1.827 0.460 1
2.090 0.464 1
2.081 0.458 1
1.840 0.458 1
1.832 0.468 1
1.791 0.567 0
1.780 0.598 0
1.776 0.537 0
1.839 0.562 0
2.025 0.578 0
2.011 3.134 3
2.000 0.515 0
1.987 0.489 1
1.974 0.495 0
1.960 1.434 3
1.945 1.426 3
1.930 1.422 3
1.914 1.415 3
1.897 1.413 3
1.881 1.407 3
1.865 1.406 3
1.848 1.404 3
1.831 1.402 3
1.815 1.403 3
1.798 1.398 3
1.781 1.396 3
1.764 1.397 3
1.748 1.395 3
1.732 1.393 3
1.647 1.394 3
1.631 1.406 3
1.628 1.405 3
1.612 1.390 3
1.596 1.388 3
1.557 1.387 3
1.559 1.386 3
1.581 1.387 3
1.463 0.715 0
1.458 0.709 0
1.370 0.723 0
1.367 0.724 0
1.429 0.730 0
1.417 0.798 0
1.347 0.848 0
1.332 2.171 3
1.323 2.177 3
1.312 2.185 3
1.300 2.197 3
1.284 2.208 3
1.274 2.224 3
1.261 2.233 3
1.251 2.241 3
1.242 2.252 3
1.226 2.261 3
1.213 2.267 3
1.197 0.862 0
1.182 2.282 3
1.170 0.868 0
1.158 2.295 3
1.144 2.302 3
1.133 0.819 0
1.118 0.821 0
1.103 0.824 0
1.089 0.826 0
1.074 0.828 0
1.059 0.830 0
1.042 0.828 0
1.025 0.823 0
1.007 0.797 0
0.985 0.792 0
0.967 0.795 0
0.947 0.794 0
0.928 0.797 0
0.908 0.800 0
0.889 0.804 2
0.869 0.808 2
0.849 0.812 2
0.830 0.813 2
0.811 0.817 2
0.793 0.822 2
0.780 0.824 2
0.778 0.825 2
0.784 0.823 2
0.785 0.819 2
0.786 0.819 2
0.786 0.818 2
0.786 0.817 2
0.785 0.817 2
0.785 0.816 2
0.785 0.816 2
0.785 0.815 2
0.785 0.814 2
0.784 0.813 2
0.780 0.812 2
0.780 0.811 2
0.779 0.810 2
0.779 0.808 2
0.778 0.807 2
0.777 0.805 2
0.780 0.808 2
0.779 0.813 2
0.779 0.825 2
0.779 0.817 2
0.778 0.812 2
0.776 0.808 2
0.771 0.803 2
0.770 0.803 2
0.769 0.802 2
0.768 0.828 2
0.767 0.878 2
0.769 0.863 2
0.769 0.871 2
0.769 0.820 2
0.778 0.800 2
0.803 0.792 2
0.774 0.789 2
0.767 0.788 2
0.766 0.782 2
0.769 0.791 2
0.776 0.767 2
0.831 0.761 2
0.792 0.758 2
0.854 0.755 2
0.894 0.755 2
1.182 0.752 0
0.892 0.746 2
1.346 0.743 0
1.349 0.741 0
1.349 0.737 0
1.348 0.737 0
1.346 0.741 0
1.342 0.737 0
1.340 0.740 0
1.339 0.736 0
1.338 0.735 0
1.341 0.738 0
1.337 0.738 0
1.340 0.738 0
1.336 0.738 0
1.332 0.741 0
1.325 0.740 0
1.316 0.732 0
1.305 0.742 0
1.292 0.726 0
1.278 0.720 0
1.265 0.714 0
1.248 0.708 0
1.231 0.705 0
1.213 0.698 0
1.195 0.692 0
1.176 0.702 0
1.157 0.681 0
1.138 0.680 0
1.119 0.682 0
1.100 0.722 0
0.943 0.654 0
0.923 0.650 0
0.899 0.641 2
0.881 0.669 2
0.864 0.627 2
0.847 0.623 2
0.830 0.619 2
0.816 0.613 2
0.803 0.601 2
0.818 0.589 2
0.917 0.586 0
0.920 0.586 0
0.921 0.586 0
0.921 0.586 0
0.919 0.586 0
0.917 0.585 0
0.915 0.584 0
0.913 0.584 0
0.912 0.584 0
0.911 0.584 0
0.910 0.583 0
0.908 0.583 0
0.907 0.582 0
0.906 0.582 0
0.904 0.581 0
0.902 0.581 0
0.900 0.581 2
0.899 0.581 2
0.898 0.580 2
0.897 0.580 2
0.896 0.579 2
0.895 0.579 2
0.895 0.578 2
0.895 0.578 2
0.896 0.577 2
0.896 0.576 2
0.896 0.575 2
0.896 0.574 2
0.897 0.572 2
0.897 0.570 2
0.898 0.569 2
0.899 0.567 2
0.900 0.566 2
0.899 0.564 2
0.898 0.563 2
0.897 0.560 2
0.897 0.557 2
0.896 0.555 2
0.896 0.553 2
0.896 0.551 2
0.896 0.549 2
0.896 0.548 2
0.895 0.546 2
0.894 0.544 2
0.893 0.541 2
0.892 0.538 2
0.891 0.535 2
0.891 0.533 2
0.891 0.532 2
0.894 0.530 2
0.894 0.529 2
0.892 0.530 2
0.887 0.524 2
0.886 0.526 2
0.884 0.532 2
0.882 0.531 2
0.881 0.527 2
0.880 0.527 2
0.880 0.526 2
0.879 0.526 2
0.882 0.535 2
0.881 0.914 2
1.325 0.907 3
1.761 0.902 3
0.880 0.708 2
0.879 0.699 2
0.878 0.696 2
0.878 0.697 2
0.878 0.700 2
0.878 0.695 2
0.878 0.694 2
0.881 0.693 2
0.881 0.692 2
0.887 0.691 2
0.888 0.690 2
0.891 0.692 2
0.904 0.711 0
1.744 0.541 0
1.750 0.542 0
1.753 0.867 0
1.751 0.867 0
1.745 0.551 0
1.741 0.863 0
1.732 0.567 0
1.721 0.571 0
1.707 0.583 0
0.960 0.842 0
1.677 0.835 0
0.975 0.827 0
1.642 0.819 0
1.627 0.811 0
0.948 0.802 0
0.887 0.794 2
0.923 0.714 0
0.866 0.774 2
0.873 0.768 2
0.851 0.759 2
0.837 0.751 2
0.824 0.742 2
0.817 0.735 2
1.459 0.725 0
0.863 0.722 2
1.462 0.722 0
1.462 0.723 0
1.460 0.722 0
1.459 0.721 0
1.458 0.721 0
1.457 0.720 0
1.456 0.719 0
1.454 0.719 0
1.453 0.719 0
0.921 0.718 0
0.920 0.718 0
0.914 0.717 0
0.912 0.716 0
0.913 0.714 0
1.436 0.711 0
1.428 0.707 0
1.417 0.702 0
1.407 0.697 0
1.392 0.691 0
1.376 0.685 0
1.359 0.678 0
1.341 0.670 0
1.325 0.663 0
0.819 0.656 2
1.284 0.649 0
1.264 0.641 0
1.247 0.633 0
1.225 0.625 0
1.205 0.617 0
1.187 0.610 0
1.166 0.602 0
1.149 0.595 0
1.132 0.589 0
1.115 0.582 0
1.098 0.575 0
1.078 0.568 0
1.064 0.562 0
0.733 0.555 2
0.715 0.550 2
1.010 0.543 0
0.992 0.540 0
0.689 0.530 2
0.712 0.524 2
0.692 0.516 2
0.676 0.512 2
0.651 0.515 2
0.693 0.498 2
0.712 0.496 2
0.910 0.495 0
0.907 0.495 0
0.906 0.494 1
0.905 0.494 1
0.904 0.493 1
0.900 0.491 2
0.772 0.488 2
0.766 0.486 2
0.885 0.484 2
0.878 0.482 2
0.874 0.480 2
0.866 0.478 2
0.863 0.477 2
0.860 0.476 2
0.860 0.475 2
0.859 0.474 2
0.857 0.473 2
0.856 0.472 2
0.855 0.472 2
0.852 0.471 2
0.851 0.471 2
0.848 0.469 2
0.850 0.468 2
0.846 0.466 2
0.848 0.464 2
0.851 0.461 2
0.850 0.459 2
0.853 0.457 2
1.493 0.455 1
1.492 0.453 1
1.200 0.451 1
1.199 0.449 1
1.197 0.448 1
1.196 0.448 1
1.195 0.448 1
1.195 0.448 1
1.196 0.448 1
1.195 0.448 1
1.195 0.448 1
1.194 0.448 1
1.193 0.449 1
1.191 0.449 1
1.191 0.450 1
1.190 0.451 1
1.570 0.453 1
1.206 0.454 1
1.558 0.455 1
1.549 0.456 1
1.540 0.457 1
1.534 0.459 1
1.553 0.461 1
1.540 0.463 1
1.504 0.466 1
1.493 0.468 1
1.476 0.471 1
1.467 0.474 1
1.488 0.476 1
1.463 0.479 1
1.468 0.482 1
1.459 0.485 1
1.424 0.488 1
1.414 0.491 1
1.428 0.494 1
1.418 0.498 0
1.380 0.502 0
1.370 0.505 0
1.360 0.509 0
1.347 0.513 0
1.338 0.519 0
1.325 0.525 0
1.310 0.532 0
1.295 0.540 0
1.279 0.548 0
1.297 0.556 0
1.284 0.564 0
1.270 0.574 0
1.257 0.582 0
1.374 0.591 0
1.364 0.601 0
1.351 0.610 0
1.341 0.619 0
1.329 0.628 0
1.319 0.638 0
1.310 0.647 0
1.301 0.657 0
1.292 0.666 0
1.511 0.676 0
1.495 0.685 0
1.476 0.698 0
1.451 0.705 0
1.434 0.715 0
1.419 0.724 0
0.940 0.727 0
0.917 0.730 0
0.897 0.736 2
0.878 0.743 2
0.862 0.750 2
0.846 0.757 2
0.831 0.765 2
0.816 0.769 2
0.804 0.779 2
0.795 0.783 2
0.794 0.782 2
0.799 0.780 2
0.799 0.780 2
0.799 0.783 2
0.799 0.782 2
0.803 0.786 2
1.257 0.785 0
1.257 0.788 0
1.264 0.811 0
1.273 0.807 0
1.415 0.812 0
1.275 0.817 0
1.273 0.820 0
1.400 0.828 0
1.389 0.802 0
1.223 0.806 0
1.362 0.814 0
1.190 0.827 0
1.172 0.837 0
1.156 0.850 0
1.137 0.868 0
1.122 0.875 0
1.106 0.900 0
1.086 0.899 0
1.070 0.904 3
1.052 0.904 3
1.036 0.908 3
1.018 0.908 3
1.001 0.906 3
0.983 0.910 3
0.967 0.946 3
0.954 0.988 3
0.938 0.911 3
0.922 0.909 3
0.907 0.911 3
0.892 0.912 2
0.878 0.914 2
0.861 0.919 2
0.849 0.918 2
0.837 0.920 2
0.827 0.922 2
0.825 0.921 2
0.827 0.916 2
0.829 0.914 2
0.829 0.914 2
0.829 0.914 2
0.829 0.914 2
0.828 0.913 2
0.831 0.912 2
0.831 0.911 2
0.826 0.897 2
0.825 0.897 2
0.823 0.893 2
0.821 0.888 2
0.820 1.001 2
0.819 0.904 2
0.817 0.897 2
0.816 0.499 2
0.816 0.489 2
0.815 0.484 2
0.817 0.482 2
0.858 0.483 2
0.860 0.502 2
0.818 0.837 2
0.817 0.833 2
0.817 0.482 2
0.820 0.472 2
0.827 0.469 2
0.844 0.467 2
0.917 0.468 1
0.916 0.802 0
0.925 0.799 0
1.713 0.796 0
1.713 0.795 0
1.711 0.795 0
1.705 0.795 0
1.699 0.793 0
1.689 0.789 0
1.681 0.785 0
1.668 0.481 1
1.653 0.476 1
1.636 0.478 1
1.616 0.484 1
1.603 0.487 1
1.586 0.497 0
1.571 0.507 0
1.556 0.736 0
1.552 0.731 0
1.555 0.726 0
2.482 0.720 0
2.468 0.714 0
2.453 0.709 0
2.437 0.577 0
2.421 0.571 0
2.404 0.580 0
2.386 0.598 0
2.371 0.604 0
2.352 0.616 0
2.334 0.629 0
2.315 0.642 0
2.296 0.648 0
2.277 0.641 0
2.258 0.634 0
2.240 0.626 0
2.221 0.621 0
2.002 0.616 0
1.985 0.606 0
1.965 0.601 0
1.944 0.591 0
1.924 0.585 0
1.900 0.580 0
1.880 0.571 0
1.098 0.565 0
1.076 0.558 0
1.054 0.552 0
1.032 0.545 0
1.007 0.539 0
0.991 0.534 0
0.969 0.528 0
0.950 0.518 0
0.932 0.514 0
0.913 0.505 0
0.896 0.501 2
0.878 0.495 2
0.861 0.488 2
0.843 0.481 2
0.826 0.475 2
0.810 0.472 2
1.553 0.466 1
1.542 0.458 1
1.543 0.453 1
1.545 0.453 1
1.544 0.453 1
1.542 0.453 1
1.541 0.452 1
1.541 0.452 1
1.540 0.452 1
1.541 0.452 1
1.541 0.452 1
1.540 0.452 1
1.540 0.452 1
1.540 0.452 1
1.539 0.451 1
1.537 0.451 1
0.504 0.449 2
0.503 0.447 2
0.501 0.445 2
0.500 0.442 2
0.495 0.439 2
0.497 0.437 2
0.496 0.435 2
0.496 0.433 2
0.747 0.432 2
0.744 0.432 2
0.745 0.432 2
0.742 0.431 2
0.742 0.431 2
0.742 0.427 2
0.741 0.426 2
0.741 0.425 2
0.738 0.427 2
0.738 0.426 2
0.738 0.426 2
0.741 0.426 2
0.740 0.425 2
0.743 0.424 2
1.493 0.423 1
1.496 0.422 1
1.732 0.420 1
1.731 0.418 1
1.731 0.418 1
1.731 0.418 1
1.732 0.418 1
1.731 0.418 1
1.731 0.418 1
1.731 0.418 1
1.731 0.418 1
1.731 0.418 1
1.731 0.418 1
1.729 0.418 1
1.726 0.418 1
1.721 0.417 1
1.714 0.417 1
1.707 0.416 1
1.698 0.416 1
1.689 0.416 1
1.679 0.416 1
1.668 0.416 1
1.657 0.416 1
1.647 0.416 1
1.636 0.417 1
1.411 0.418 1
1.615 0.420 1
1.604 0.421 1
1.594 0.422 1
1.584 0.423 1
1.360 0.425 1
1.348 0.426 1
1.340 0.428 1
1.331 0.429 1
1.323 0.431 1
1.314 0.433 1
1.305 0.435 1
1.298 0.437 1
1.289 0.439 1
1.285 0.441 1
1.473 0.443 1
1.463 0.445 1
1.452 0.447 1
1.442 0.449 1
1.432 0.451 1
1.422 0.453 1
1.411 0.455 1
1.401 0.458 1
1.391 0.460 1
1.381 0.462 1
1.371 0.465 1
1.362 0.467 1
1.352 0.469 1
1.343 0.472 1
1.333 0.474 1
1.324 0.477 1
1.314 0.480 1
1.305 0.483 1
1.295 0.486 1
1.286 0.489 1
1.277 0.493 1
1.271 0.497 0
1.259 0.500 0
1.250 0.503 0
1.245 0.507 0
1.236 0.511 0
1.225 0.516 0
1.213 0.522 0
1.199 0.528 0
1.185 0.536 0
1.170 0.543 0
1.154 0.551 0
1.138 0.564 0
1.121 0.573 0
1.101 0.579 0
1.084 0.592 0
1.066 0.604 0
1.049 0.715 0
1.031 0.634 0
1.027 0.638 0
0.998 0.668 0
0.982 0.657 0
0.962 0.669 0
0.946 0.683 0
0.930 0.691 0
0.914 0.706 0
0.899 0.717 2
0.883 0.725 2
0.867 0.739 2
0.851 0.750 2
0.835 0.762 2
0.819 0.772 2
0.806 0.781 2
0.800 0.780 2
0.801 0.779 2
0.802 0.777 2
0.802 0.777 2
0.801 0.778 2
0.800 0.778 2
0.800 0.777 2
0.799 0.778 2
0.799 0.780 2
0.799 0.778 2
0.798 0.781 2
0.797 0.781 2
0.796 0.781 2
0.795 0.782 2
0.795 0.786 2
0.794 0.789 2
0.793 0.796 2
0.796 0.793 2
0.796 0.827 2
0.796 0.826 2
0.799 0.824 2
0.803 0.793 2
0.810 0.819 2
0.798 0.816 2
0.795 0.813 2
0.794 0.808 2
0.794 0.808 2
0.797 0.806 2
0.800 0.809 2
0.801 0.792 2
0.821 0.789 2
1.463 0.783 0
1.461 0.780 0
1.466 0.777 0
1.467 0.775 0
1.466 0.774 0
1.462 0.772 0
1.456 0.771 0
1.448 0.768 0
1.437 0.763 0
1.425 0.757 0
1.411 0.751 0
1.395 0.745 0
1.379 0.738 0
1.362 0.732 0
1.345 0.725 0
1.328 0.717 0
1.309 0.710 0
1.291 0.703 0
1.273 0.696 0
1.257 0.689 0
1.235 0.682 0
1.216 0.675 0
1.196 0.668 0
1.177 0.661 0
1.159 0.654 0
1.140 0.647 0
1.122 0.640 0
1.103 0.633 0
1.085 0.626 0
1.066 0.619 0
1.046 0.612 0
1.027 0.604 0
1.009 0.597 0
0.990 0.590 0
0.971 0.583 0
0.775 0.576 2
0.759 0.569 2
0.712 0.562 2
0.689 0.554 2
0.674 0.547 2
0.656 0.540 2
0.655 0.534 2
0.847 0.533 2
0.850 0.535 2
0.852 0.531 2
0.853 0.531 2
0.853 0.527 2
0.852 0.526 2
0.852 0.525 2
0.584 0.524 2
0.582 0.523 2
0.582 0.522 2
0.852 0.521 2
0.582 0.520 2
0.583 0.520 2
0.850 0.519 2
0.849 0.518 2
0.849 0.517 2
0.850 0.517 2
0.850 0.516 2
0.851 0.515 2
0.851 0.513 2
0.852 0.512 2
0.855 0.510 2
0.857 0.509 2
0.858 0.508 2
0.858 0.507 2
0.602 0.504 2
0.854 0.501 2
0.854 0.498 2
0.854 0.496 2
0.854 0.494 2
0.857 0.492 2
0.858 0.490 2
0.857 0.488 2
0.856 0.486 2
0.855 0.483 2
0.851 0.480 2
0.850 0.477 2
0.852 0.475 2
0.851 0.473 2
0.851 0.471 2
0.851 0.470 2
0.854 0.468 2
0.852 0.467 2
0.847 0.469 2
0.845 0.470 2
0.841 0.466 2
0.839 0.465 2
0.841 0.464 2
0.840 0.463 2
0.839 0.467 2
0.838 0.480 2
5.000 0.506 0
5.000 0.575 0
5.000 0.475 1
5.000 0.476 1
0.939 0.565 0
5.000 0.569 0
5.000 0.569 0
5.000 0.569 0
5.000 0.566 0
5.000 0.483 1
5.000 0.573 0
5.000 0.573 0
0.816 0.506 2
0.806 0.516 2
0.794 0.528 2
0.784 0.540 2
0.772 0.552 2
0.764 0.565 2
0.756 0.606 2
0.752 0.772 2
0.753 0.993 2
0.758 0.992 2
0.758 0.595 2
0.758 0.991 2
0.758 0.597 2
0.758 0.594 2
0.761 0.986 2
0.774 0.988 2
0.777 0.762 2
3.163 0.589 0
3.163 0.587 0
3.164 0.589 0
3.163 0.597 0
3.162 0.598 0
3.158 0.598 0
3.151 0.604 0
3.142 0.613 0
3.131 0.627 0
3.118 0.722 0
3.104 0.715 0
3.088 0.708 0
3.072 0.700 0
3.055 0.692 0
3.037 0.684 0
3.019 0.675 0
3.000 0.667 0
2.982 0.658 0
2.964 0.649 0
2.945 0.641 0
2.928 0.632 0
2.910 0.624 0
0.808 0.616 2
0.789 0.609 2
0.758 0.601 2
0.759 0.593 2
0.747 0.586 2
2.801 0.621 0
2.786 0.611 0
2.776 0.605 0
2.769 0.603 0
2.765 0.598 0
2.769 0.599 0
2.766 0.600 0
2.764 0.600 0
2.763 0.599 0
2.761 0.598 0
2.758 0.597 0
2.753 0.595 0
2.745 0.592 0
2.734 0.578 0
2.722 0.583 0
2.708 0.574 0
2.693 0.551 0
2.678 0.551 0
2.661 0.558 0
2.644 0.550 0
2.626 0.546 0
2.608 0.536 0
2.589 0.528 0
2.570 0.521 0
2.550 0.513 0
2.531 0.505 0
2.511 0.498 0
2.491 0.490 1
2.472 0.482 1
2.452 0.474 1
2.433 0.466 1
2.415 0.457 1
2.397 0.450 1
2.380 0.443 1
2.363 0.436 1
2.348 0.430 1
2.333 0.427 1
2.319 0.425 1
2.307 0.437 1
1.793 0.426 1
1.780 0.418 1
1.768 0.426 1
1.757 0.403 1
1.749 0.397 1
1.745 0.394 1
2.243 0.392 1
2.236 0.390 1
2.229 0.388 1
2.222 0.386 1
2.218 0.387 1
2.212 0.388 1
2.205 0.387 1
2.199 0.504 0
2.192 0.432 1
2.185 0.381 1
2.177 0.380 1
2.165 0.376 1
2.156 0.379 1
2.147 0.428 1
2.137 0.420 1
2.127 0.422 1
2.116 0.452 1
2.105 0.426 1
2.094 0.388 1
2.083 0.390 1
2.072 0.427 1
2.062 0.401 1
2.051 1.407 3
2.040 1.401 3
2.028 1.399 3
2.015 1.400 3
2.002 1.399 3
1.988 1.395 3
1.973 1.391 3
1.958 1.391 3
1.943 1.390 3
1.928 1.387 3
1.912 1.386 3
1.897 1.386 3
1.882 1.382 3
1.867 1.381 3
1.852 1.381 3
1.838 1.381 3
1.824 1.381 3
1.811 1.384 3
1.799 1.383 3
1.787 1.386 3
1.680 1.417 3
1.671 1.384 3
1.745 1.380 3
1.601 1.379 3
1.599 1.380 3
1.605 0.621 0
1.395 0.622 0
1.385 0.629 0
1.369 0.639 0
1.360 0.720 0
1.399 0.744 0
1.408 0.751 0
1.372 0.764 0
1.327 0.889 0
1.317 0.900 0
1.308 0.923 3
1.291 0.937 3
1.277 2.127 3
1.263 2.140 3
1.249 2.153 3
1.235 2.165 3
1.221 2.177 3
1.208 2.191 3
1.195 2.202 3
1.183 2.213 3
1.170 2.222 3
1.158 2.228 3
1.149 2.234 3
1.137 2.243 3
1.128 2.251 3
1.117 2.255 3
1.104 2.263 3
1.091 2.271 3
1.078 2.278 3
1.061 0.785 0
1.045 0.786 0
1.033 0.784 0
1.020 0.755 0
1.008 0.758 0
1.001 0.762 0
0.988 0.762 0
0.974 0.765 0
0.959 0.769 0
0.942 0.769 0
0.921 0.773 0
0.902 0.776 0
0.882 0.780 2
0.863 0.781 2
0.843 0.785 2
0.823 0.789 2
0.803 0.789 2
0.785 0.792 2
0.773 0.797 2
0.770 0.795 2
0.773 0.794 2
0.776 0.793 2
0.778 0.793 2
0.778 0.793 2
0.777 0.792 2
0.777 0.793 2
0.777 0.792 2
0.778 0.792 2
0.778 0.793 2
0.778 0.792 2
0.780 0.788 2
0.780 0.788 2
0.780 0.787 2
0.780 0.786 2
0.780 0.785 2
0.780 0.784 2
0.782 0.783 2
0.782 0.779 2
0.780 0.778 2
0.777 0.776 2
0.776 0.778 2
0.776 0.776 2
0.775 0.775 2
0.775 0.773 2
0.778 0.776 2
0.778 0.798 2
0.776 0.785 2
0.772 0.777 2
0.771 0.776 2
0.770 0.772 2
0.768 0.768 2
0.767 0.770 2
0.766 0.856 2
0.765 0.820 2
0.768 0.817 2
0.767 0.799 2
0.767 0.791 2
0.827 0.789 2
0.789 0.840 2
0.765 0.791 2
0.765 0.781 2
0.768 0.832 2
0.771 0.768 2
0.781 0.762 2
0.851 0.755 2
0.847 0.753 2
0.870 0.750 2
0.904 0.751 0
0.900 0.748 2
1.380 0.758 0
1.384 0.738 0
1.384 0.734 0
1.384 0.737 0
1.380 0.735 0
1.379 0.741 0
1.381 0.737 0
1.378 0.737 0
1.370 0.735 0
1.365 0.733 0
1.350 0.729 0
1.340 0.723 0
1.326 0.722 0
1.306 0.719 0
1.293 0.713 0
1.275 0.714 0
1.257 0.715 0
1.238 0.707 0
1.220 0.697 0
1.202 0.704 0
1.183 0.692 0
1.163 0.698 0
1.144 0.673 0
1.124 0.670 0
1.104 0.664 0
1.084 0.648 0
0.927 0.649 0
0.899 0.638 2
0.879 0.635 2
0.862 0.629 2
0.845 0.615 2
0.829 0.609 2
0.813 0.602 2
0.800 0.608 2
0.794 0.587 2
0.809 0.580 2
0.922 0.583 0
0.923 0.579 0
0.923 0.580 0
0.923 0.580 0
0.921 0.579 0
0.918 0.578 0
0.914 0.577 0
0.907 0.575 0
0.898 0.573 2
0.887 0.570 2
0.873 0.566 2
0.859 0.563 2
0.845 0.558 2
0.833 0.554 2
0.821 0.551 2
0.811 0.548 2
0.805 0.541 2
0.805 0.537 2
0.807 0.536 2
0.808 0.536 2
0.808 0.536 2
0.808 0.535 2
0.808 0.534 2
0.809 0.533 2
0.809 0.529 2
0.810 0.529 2
0.810 0.528 2
0.811 0.528 2
0.811 0.526 2
0.812 0.528 2
0.812 0.527 2
0.811 0.527 2
0.811 0.525 2
0.810 0.530 2
0.809 0.523 2
0.809 0.517 2
0.808 0.512 2
0.808 0.509 2
0.808 0.510 2
0.807 0.509 2
0.806 0.511 2
0.805 0.516 2
0.803 0.514 2
0.803 0.503 2
0.802 0.498 2
0.802 0.492 2
0.802 0.490 2
0.805 0.491 2
0.804 0.490 2
0.798 0.513 2
0.797 0.591 2
0.795 0.515 2
0.794 0.487 2
0.793 0.486 2
0.792 0.486 2
0.791 0.854 2
0.794 0.833 2
0.793 0.822 2
0.831 0.644 2
0.820 0.631 2
0.792 0.625 2
0.792 0.622 2
0.795 0.624 2
0.798 0.502 2
0.801 0.503 2
0.815 0.511 2
0.945 0.513 0
0.944 0.777 0
1.738 0.774 0
1.738 0.772 0
1.737 0.774 0
1.735 0.774 0
1.735 0.774 0
1.733 0.773 0
1.731 0.769 0
1.726 0.767 0
1.719 0.764 0
1.709 0.760 0
1.696 0.757 0
1.682 0.751 0
0.940 0.746 0
0.926 0.740 0
0.908 0.732 0
0.899 0.726 2
0.878 0.718 2
0.866 0.711 2
1.558 0.704 0
0.845 0.697 2
0.832 0.690 2
0.902 0.684 0
0.806 0.682 2
1.483 0.676 0
1.477 0.672 0
1.476 0.672 0
1.476 0.674 0
1.474 0.670 0
1.472 0.670 0
1.470 0.669 0
1.468 0.668 0
0.851 0.670 2
1.465 0.667 0
0.848 0.667 2
1.463 0.672 0
1.462 0.671 0
1.460 0.670 0
1.458 0.665 0
1.457 0.664 0
1.455 0.664 0
1.453 0.663 0
1.452 0.666 0
1.449 0.659 0
0.900 0.661 2
0.898 0.664 2
0.894 0.659 2
1.432 0.653 0
1.425 0.650 0
1.415 0.644 0
1.408 0.641 0
1.400 0.638 0
1.391 0.635 0
1.379 0.631 0
1.366 0.627 0
1.352 0.623 0
1.336 0.619 0
1.322 0.614 0
1.305 0.610 0
1.288 0.605 0
1.270 0.601 0
1.252 0.597 0
1.234 0.593 0
1.215 0.589 0
1.197 0.584 0
1.182 0.579 0
1.164 0.575 0
1.146 0.571 0
1.128 0.566 0
1.111 0.562 0
1.097 0.558 0
1.080 0.554 0
1.066 0.550 0
1.048 0.543 0
1.030 0.539 0
1.009 0.536 0
0.988 0.533 0
0.971 0.530 0
0.954 0.528 0
0.935 0.525 0
0.919 0.523 0
0.899 0.520 2
0.882 0.518 2
0.865 0.515 2
0.848 0.513 2
0.833 0.510 2
0.818 0.507 2
0.806 0.505 2
0.803 0.502 2
0.804 0.501 2
0.806 0.501 2
0.806 0.501 2
0.806 0.501 2
0.805 0.500 2
0.805 0.500 2
0.808 0.499 2
0.809 0.499 2
0.805 0.498 2
0.808 0.497 2
0.814 0.495 2
1.074 0.493 1
1.070 0.490 1
1.069 0.489 1
0.820 0.487 2
1.473 0.485 1
1.472 0.486 1
1.072 0.486 1
1.471 0.486 1
1.471 0.486 1
1.471 0.486 1
1.471 0.486 1
1.470 0.486 1
1.470 0.485 1
1.470 0.485 1
1.468 0.486 1
1.466 0.486 1
1.462 0.486 1
1.458 0.486 1
1.452 0.487 1
1.445 0.488 1
1.437 0.488 1
1.425 0.490 1
1.417 0.491 1
1.412 0.493 1
1.404 0.494 1
1.393 0.496 0
1.385 0.497 0
1.377 0.498 0
1.369 0.500 0
1.363 0.502 0
1.353 0.505 0
1.342 0.509 0
1.330 0.513 0
1.318 0.518 0
1.305 0.523 0
1.293 0.529 0
1.280 0.534 0
1.267 0.540 0
1.252 0.546 0
1.233 0.552 0
1.217 0.558 0
1.199 0.564 0
1.179 0.570 0
1.160 0.576 0
1.141 0.583 0
1.122 0.589 0
1.101 0.595 0
1.085 0.601 0
1.065 0.607 0
1.045 0.613 0
1.026 0.619 0
1.008 0.625 0
0.989 0.630 0
0.971 0.632 0
0.952 0.631 0
0.934 0.634 0
0.879 0.637 2
0.857 0.640 2
0.835 0.644 2
0.816 0.649 2
0.794 0.653 2
0.776 0.661 2
0.762 0.660 2
0.756 0.658 2
0.757 0.652 2
0.760 0.651 2
0.761 0.650 2
0.761 0.650 2
0.760 0.649 2
0.763 0.649 2
0.763 0.648 2
0.767 0.648 2
0.770 0.647 2
1.461 0.646 0
1.461 0.646 0
1.462 0.644 0
1.036 0.644 0
1.035 0.644 0
1.034 0.645 0
1.032 0.646 0
1.031 0.648 0
1.023 0.651 0
1.018 0.656 0
1.012 0.661 0
1.002 0.667 0
0.998 0.674 0
0.989 0.685 0
0.981 0.693 0
0.664 0.702 2
0.641 0.710 2
0.619 0.718 2
0.602 0.724 2
0.586 0.732 2
0.569 0.736 2
0.558 0.737 2
0.548 0.740 2
0.544 0.738 2
0.545 0.736 2
0.549 0.735 2
0.550 0.735 2
0.550 0.735 2
0.549 0.732 2
0.553 0.734 2
1.011 0.733 0
1.012 0.732 0
1.015 0.732 0
1.014 0.731 0
1.023 0.732 0
1.015 0.732 0
1.009 0.733 0
1.005 0.734 0
1.002 0.736 0
0.990 0.736 0
0.976 0.736 0
0.964 0.738 0
0.951 0.739 0
0.943 0.742 0
0.948 0.741 0
0.936 0.738 0
0.886 0.735 2
0.867 0.735 2
0.847 0.734 2
0.831 0.739 2
0.813 0.741 2
0.799 0.746 2
0.787 0.753 2
0.777 0.856 2
0.774 0.854 2
0.775 0.850 2
0.776 0.850 2
0.776 0.849 2
0.776 0.849 2
0.776 0.755 2
0.776 0.750 2
0.775 0.749 2
0.775 0.746 2
0.775 0.745 2
0.775 0.744 2
0.774 0.740 2
0.774 0.738 2
0.774 0.736 2
0.773 0.731 2
0.776 0.732 2
0.776 0.730 2
0.786 0.732 2
0.786 0.372 2
0.775 0.363 2
0.775 0.360 2
0.775 0.355 2
0.778 0.356 2
0.781 0.354 2
0.784 0.735 2
0.804 0.732 2
1.826 0.778 0
1.820 0.349 1
1.817 0.342 1
1.819 0.340 1
1.819 0.340 1
1.818 0.341 1
1.818 0.341 1
1.818 0.341 1
1.818 0.341 1
1.818 0.341 1
1.817 0.341 1
1.817 0.341 1
1.818 0.341 1
1.817 0.340 1
1.816 0.340 1
1.813 0.340 1
1.809 0.341 1
0.950 0.341 1
0.941 0.345 1
0.928 0.356 1
0.921 0.740 0
0.914 0.740 0
0.906 0.734 0
0.905 0.727 0
2.751 0.723 0
2.739 0.355 1
2.726 0.355 1
2.711 0.361 1
2.696 0.367 1
2.680 0.394 1
2.665 0.691 0
2.652 0.687 0
2.638 0.683 0
2.626 0.680 0
2.616 0.676 0
2.603 0.672 0
2.591 0.478 1
2.575 0.664 0
2.555 0.659 0
2.541 0.655 0
2.520 0.552 0
1.493 0.647 0
1.476 0.533 0
1.455 0.571 0
1.433 0.634 0
2.427 0.630 0
1.403 0.626 0
1.960 0.621 0
1.364 0.617 0
1.345 0.613 0
1.324 0.609 0
1.306 0.604 0
1.287 0.600 0
1.272 0.595 0
1.253 0.590 0
1.235 0.586 0
1.216 0.581 0
1.197 0.576 0
1.182 0.572 0
1.161 0.564 0
1.144 0.561 0
1.126 0.558 0
1.108 0.553 0
1.090 0.549 0
1.075 0.545 0
1.054 0.540 0
1.040 0.536 0
0.592 0.531 2
0.587 0.527 2
0.579 0.522 2
0.577 0.517 2
0.573 0.512 2
0.569 0.508 2
1.898 0.503 0
1.897 0.501 0
1.900 0.501 0
1.900 0.501 0
1.898 0.501 0
1.895 0.500 0
1.889 0.499 0
1.879 0.498 0
1.868 0.495 0
1.855 0.493 1
1.840 0.490 1
1.825 0.487 1
1.809 0.484 1
1.793 0.481 1
0.818 0.478 2
0.803 0.475 2
0.788 0.472 2
0.778 0.470 2
0.768 0.468 2
0.755 0.465 2
0.747 0.463 2
0.746 0.459 2
0.747 0.461 2
0.749 0.461 2
0.749 0.461 2
0.749 0.460 2
0.752 0.460 2
0.765 0.460 2
0.756 0.459 2
1.494 0.459 1
1.491 0.458 1
1.488 0.457 1
1.491 0.456 1
1.493 0.456 1
1.489 0.456 1
1.492 0.456 1
1.710 0.456 1
1.495 0.456 1
1.492 0.456 1
1.492 0.456 1
1.492 0.456 1
1.492 0.456 1
1.495 0.456 1
1.709 0.456 1
1.709 0.456 1
1.494 0.456 1
1.708 0.456 1
1.707 0.456 1
1.707 0.456 1
1.707 0.456 1
1.707 0.456 1
1.705 0.456 1
1.702 0.455 1
1.697 0.454 1
1.690 0.453 1
1.683 0.452 1
1.674 0.452 1
1.665 0.451 1
1.655 0.451 1
1.645 0.450 1
1.636 0.449 1
1.626 0.449 1
1.616 0.449 1
1.606 0.450 1
1.596 0.450 1
1.586 0.451 1
1.575 0.452 1
1.565 0.452 1
1.556 0.453 1
1.547 0.454 1
1.537 0.454 1
1.329 0.455 1
1.317 0.457 1
1.312 0.458 1
1.304 0.459 1
1.296 0.461 1
1.290 0.462 1
1.282 0.464 1
1.273 0.466 1
1.447 0.468 1
1.435 0.470 1
1.424 0.472 1
1.413 0.474 1
1.406 0.476 1
1.397 0.478 1
1.387 0.479 1
1.375 0.481 1
1.366 0.483 1
1.356 0.485 1
1.346 0.487 1
1.336 0.489 1
1.326 0.491 1
1.316 0.494 1
1.306 0.496 0
1.296 0.499 0
1.287 0.501 0
1.278 0.504 0
1.267 0.507 0
1.255 0.511 0
1.241 0.516 0
1.226 0.521 0
1.210 0.527 0
1.194 0.533 0
1.178 0.539 0
1.161 0.546 0
1.143 0.553 0
1.125 0.561 0
1.106 0.568 0
1.087 0.576 0
1.068 0.584 0
1.049 0.595 0
1.033 0.599 0
1.014 0.610 0
0.995 0.618 0
0.976 0.627 0
0.957 0.636 0
0.936 0.646 0
0.917 0.655 0
0.899 0.664 2
0.881 0.673 2
0.863 0.683 2
0.846 0.691 2
0.829 0.700 2
0.812 0.708 2
0.797 0.717 2
0.789 0.722 2
0.785 0.726 2
0.782 0.723 2
0.783 0.722 2
0.783 0.728 2
0.783 0.725 2
0.782 0.725 2
0.781 0.724 2
0.781 0.724 2
0.780 0.723 2
0.778 0.719 2
0.777 0.719 2
0.776 0.718 2
0.776 0.717 2
0.775 0.720 2
0.775 0.719 2
0.774 0.726 2
0.777 0.733 2
0.780 1.142 2
0.791 0.725 2
0.777 1.129 2
0.776 0.728 2
0.776 0.791 2
0.775 0.853 2
0.781 0.752 2
0.781 0.817 2
0.799 0.773 2
1.555 0.767 0
1.556 0.765 0
1.557 0.747 0
1.557 0.752 0
0.791 0.755 2
0.786 0.754 2
0.787 0.752 2
0.780 0.748 2
1.530 0.743 0
1.522 0.739 0
1.515 0.735 0
1.509 0.731 0
1.502 0.731 0
1.493 0.727 0
1.483 0.723 0
1.471 0.719 0
1.457 0.714 0
1.443 0.708 0
1.426 0.711 0
1.413 0.705 0
1.396 0.699 0
1.378 0.689 0
1.360 0.683 0
1.338 0.677 0
1.320 0.668 0
1.301 0.658 0
1.285 0.656 0
1.265 0.650 0
1.245 0.648 0
1.225 0.642 0
1.206 0.633 0
1.186 0.627 0
1.167 0.618 0
1.147 0.611 0
1.128 0.605 0
1.109 0.598 0
1.087 0.592 0
1.068 0.586 0
1.050 0.580 0
1.031 0.574 0
1.013 0.567 0
0.995 0.561 0
0.733 0.555 2
0.704 0.549 2
0.682 0.542 2
0.666 0.541 2
0.656 0.534 2
0.886 0.525 2
0.870 0.519 2
0.860 0.507 2
0.859 0.504 2
0.862 0.502 2
0.864 0.502 2
0.864 0.502 2
0.863 0.502 2
0.865 0.501 2
0.865 0.500 2
0.865 0.499 2
0.866 0.498 2
0.866 0.496 2
0.867 0.495 2
0.867 0.495 2
0.867 0.495 2
0.867 0.495 2
0.867 0.494 2
0.868 0.493 2
0.868 0.492 2
0.869 0.491 2
0.869 0.490 2
0.869 0.489 2
0.866 0.488 2
0.865 0.487 2
0.586 0.485 2
0.588 0.483 2
0.870 0.481 2
0.870 0.478 2
0.870 0.476 2
0.870 0.474 2
0.870 0.472 2
0.870 0.470 2
0.870 0.469 2
0.869 0.466 2
0.865 0.463 2
0.864 0.461 2
0.866 0.459 2
0.865 0.456 2
0.864 0.454 2
0.863 0.452 2
0.863 0.451 2
0.865 0.449 2
0.862 0.448 2
0.863 0.450 2
0.853 0.451 2
0.856 0.446 2
0.854 0.445 2
0.853 0.445 2
0.852 0.444 2
0.851 0.448 2
0.851 0.474 2
0.853 0.504 2
0.855 0.538 2
0.857 0.455 2
0.951 0.452 1
0.856 0.452 2
0.901 0.452 1
0.897 0.452 2
0.866 0.456 2
0.869 0.455 2
0.876 0.455 2
0.897 0.455 2
0.896 0.475 2
0.852 0.529 2
0.852 0.529 2
0.852 0.531 2
0.852 0.530 2
0.852 0.873 2
0.855 0.479 2
0.855 1.032 2
0.858 0.468 2
0.868 0.463 2
0.879 0.467 2
3.283 0.469 1
3.281 0.478 1
3.285 0.838 0
3.287 0.833 0
3.287 0.832 0
3.286 0.835 0
3.284 0.834 0
3.280 0.830 0
3.270 0.828 0
3.260 0.511 0
3.251 0.821 0
3.241 0.813 0
3.226 0.810 0
3.207 0.801 0
3.191 0.797 0
3.171 0.788 0
3.156 0.780 0
3.140 0.773 0
3.117 0.768 0
1.001 0.761 0
3.078 0.754 0
3.061 0.746 0
3.037 0.738 0
3.017 0.731 0
2.997 0.720 0
0.908 0.716 0
2.956 0.709 0
0.873 0.701 2
2.916 0.694 0
2.897 0.701 0
2.878 0.691 0
2.860 0.687 0
2.842 0.675 0
2.826 0.667 0
2.810 0.662 0
2.794 0.658 0
2.777 0.655 0
2.761 0.653 0
2.744 0.647 0
2.727 0.653 0
2.709 0.634 0
2.692 0.628 0
2.674 0.621 0
2.657 0.615 0
2.639 0.627 0
2.621 0.603 0
2.604 0.600 0
2.586 0.590 0
2.567 0.583 0
2.549 0.577 0
2.531 0.574 0
2.512 0.564 0
2.493 0.558 0
2.474 0.551 0
2.455 0.545 0
2.437 0.542 0
2.418 0.532 0
2.399 0.534 0
2.381 0.525 0
2.362 0.513 0
2.343 0.507 0
2.324 0.501 0
2.306 0.496 0
1.946 0.491 1
1.931 0.484 1
2.249 0.484 1
2.231 0.481 1
2.213 0.480 1
2.195 0.486 1
2.180 0.485 1
2.164 0.524 0
1.907 0.556 0
1.893 0.492 1
2.120 0.512 0
2.110 0.491 1
1.892 0.482 1
2.084 0.483 1
1.836 0.490 1
1.823 0.588 0
1.814 0.488 1
2.041 0.602 0
2.027 0.628 0
2.018 0.573 0
2.003 0.607 0
1.995 0.613 0
1.980 0.546 0
1.967 0.523 0
1.954 0.522 0
1.941 0.529 0
1.926 1.455 3
1.911 1.447 3
1.894 1.439 3
1.877 1.432 3
1.858 1.429 3
1.841 1.426 3
1.822 1.424 3
1.804 1.421 3
1.786 1.418 3
1.769 1.415 3
1.752 1.415 3
1.734 1.412 3
1.717 1.410 3
1.701 1.408 3
1.686 1.406 3
1.672 1.405 3
1.659 1.410 3
1.653 1.419 3
1.651 1.414 3
1.650 1.412 3
1.649 1.412 3
1.646 1.415 3
1.636 1.411 3
1.629 1.411 3
1.629 1.411 3
1.631 1.412 3
1.627 1.412 3
1.629 1.411 3
1.626 1.412 3
1.628 1.412 3
1.624 1.412 3
1.629 1.412 3
1.604 1.413 3
1.603 1.413 3
1.557 1.413 3
1.556 1.413 3
1.556 1.413 3
1.558 1.413 3
1.558 1.414 3
1.558 1.413 3
1.557 1.414 3
1.556 1.414 3
1.555 1.418 3
1.558 1.419 3
1.554 1.420 3
1.427 0.720 0
1.426 0.718 0
1.423 0.720 0
1.422 0.724 0
1.421 0.721 0
1.417 0.725 0
1.420 0.725 0
1.419 0.723 0
1.421 0.727 0
1.417 0.725 0
1.417 0.728 0
1.543 1.443 3
1.504 0.726 0
1.415 0.727 0
1.413 0.727 0
1.537 0.729 0
1.411 0.727 0
1.417 0.728 0
1.416 0.729 0
1.412 0.730 0
1.411 0.731 0
1.416 0.731 0
1.412 0.732 0
1.411 0.729 0
1.414 0.730 0
1.406 0.731 0
1.407 0.733 0
1.403 0.737 0
1.390 0.744 0
1.380 0.750 0
1.371 0.756 0
1.360 0.769 0
1.350 5.000 3
1.340 2.669 3
1.329 2.657 3
1.321 2.647 3
1.311 2.636 3
1.299 1.327 3
1.315 1.304 3
1.304 1.291 3
1.285 1.281 3
1.274 1.274 3
1.280 1.268 3
1.239 1.258 3
1.222 1.169 3
1.211 1.171 3
1.201 1.174 3
1.191 1.177 3
1.181 1.180 3
1.172 1.180 3
1.159 1.179 3
1.150 0.940 3
1.144 0.947 3
1.135 0.958 3
1.126 1.183 3
1.121 1.184 3
1.107 1.185 3
1.096 1.186 3
1.082 1.189 3
1.072 1.198 3
1.061 2.505 3
1.054 1.007 3
1.044 1.009 3
1.033 1.010 3
1.020 1.015 3
1.005 1.023 3
0.993 1.041 3
0.981 1.029 3
0.973 1.034 3
0.957 1.033 3
0.944 1.003 3
0.931 1.001 3
0.918 1.038 3
0.904 1.039 3
0.894 1.040 2
0.881 1.043 2
0.862 2.575 2
0.847 2.580 2
0.833 4.428 2
0.819 3.743 2
0.811 5.000 2
0.811 1.032 2
0.818 1.027 2
0.821 1.027 2
0.823 1.027 2
0.823 1.027 2
0.823 1.023 2
0.824 1.026 2
0.824 0.982 2
0.824 0.978 2
0.820 0.976 2
0.820 0.972 2
0.820 0.970 2
0.820 0.965 2
0.820 0.964 2
0.821 0.965 2
0.821 0.964 2
0.822 0.962 2
0.823 0.963 2
0.823 0.961 2
0.823 0.955 2
0.822 0.950 2
0.821 0.948 2
0.821 0.946 2
0.820 0.944 2
0.820 0.945 2
0.820 0.944 2
0.823 0.949 2
0.824 0.956 2
0.823 0.958 2
0.819 0.933 2
0.819 0.931 2
0.818 0.928 2
0.817 0.927 2
0.817 0.928 2
0.820 1.016 2
0.820 1.013 2
0.819 1.011 2
0.818 1.009 2
0.813 0.923 2
0.811 0.919 2
0.811 0.992 2
0.810 0.864 2
0.810 0.847 2
0.818 0.840 2
1.224 0.837 0
0.895 0.833 2
0.809 0.830 2
0.807 0.827 2
0.810 0.980 2
0.810 0.983 2
0.811 0.840 2
0.808 0.979 2
0.811 0.978 2
0.818 0.844 2
0.817 0.842 2
0.824 0.842 2
0.886 0.813 2
0.882 0.806 2
0.882 0.800 2
1.224 0.798 0
1.224 0.796 0
1.225 0.793 0
1.226 0.791 0
1.225 0.790 0
1.224 0.790 0
1.221 0.789 0
1.215 0.787 0
1.206 0.784 0
1.196 0.780 0
1.183 0.774 0
1.169 0.768 0
1.153 0.762 0
1.136 0.755 0
1.118 0.748 0
1.100 0.741 0
1.081 0.734 0
1.063 0.727 0
1.044 0.719 0
1.025 0.712 0
1.006 0.705 0
0.986 0.697 0
0.967 0.689 0
0.947 0.681 0
0.928 0.674 0
0.868 0.666 2
0.852 0.658 2
0.835 0.650 2
0.850 0.643 2
0.808 0.635 2
0.801 0.625 2
0.801 0.621 2
0.795 0.622 2
0.798 0.624 2
0.802 0.617 2
0.804 0.618 2
0.807 0.618 2
0.803 0.617 2
0.804 0.617 2
0.804 0.612 2
0.804 0.612 2
0.804 0.611 2
0.804 0.610 2
0.804 0.609 2
0.804 0.607 2
0.804 0.605 2
0.804 0.596 2
0.804 0.594 2
0.804 0.589 2
0.804 0.584 2
0.805 0.583 2
0.806 0.581 2
0.807 0.579 2
0.808 0.581 2
0.807 0.580 2
0.807 0.580 2
0.807 0.580 2
0.807 0.580 2
0.807 0.580 2
0.807 0.579 2
0.807 0.582 2
0.808 0.581 2
0.808 0.579 2
0.808 0.574 2
0.808 0.572 2
0.808 0.571 2
0.808 0.569 2
0.807 0.567 2
0.808 0.565 2
0.808 0.563 2
0.808 0.563 2
0.808 0.563 2
0.808 0.563 2
0.808 0.562 2
0.807 0.562 2
0.807 0.564 2
0.806 0.568 2
0.805 0.566 2
0.805 0.567 2
0.804 0.557 2
0.803 0.552 2
0.803 0.550 2
0.802 0.548 2
0.802 0.543 2
0.806 0.545 2
0.806 0.543 2
0.804 0.542 2
0.800 0.592 2
0.798 0.564 2
0.796 0.543 2
0.795 0.539 2
0.794 0.538 2
0.793 0.541 2
0.793 0.610 2
0.793 0.842 2
0.795 0.825 2
0.817 0.703 2
0.833 0.572 2
0.794 0.674 2
0.794 0.569 2
0.797 0.851 2
0.800 0.556 2
0.817 0.570 2
0.825 0.569 2
1.696 0.572 0
1.699 0.574 0
0.975 0.776 0
0.968 0.776 0
1.698 0.775 0
1.700 0.774 0
1.696 0.774 0
1.694 0.771 0
1.690 0.769 0
1.683 0.766 0
0.948 0.766 0
0.948 0.762 0
0.931 0.756 0
0.913 0.752 0
1.615 0.745 0
1.598 0.735 0
1.580 0.729 0
1.561 0.726 0
1.544 0.715 0
0.881 0.708 2
0.886 0.704 2
1.484 0.697 0
1.468 0.686 0
1.444 0.682 0
0.881 0.675 2
0.860 0.665 2
1.395 0.659 0
0.867 0.653 2
1.360 0.647 0
1.344 0.641 0
1.335 0.639 0
1.331 0.640 0
1.328 0.636 0
1.327 0.658 0
1.324 0.636 0
1.321 0.635 0
0.886 0.634 2
1.316 0.633 0
1.314 0.632 0
1.316 0.632 0
1.313 0.637 0
1.311 0.634 0
1.311 0.633 0
1.306 0.650 0
1.303 0.632 0
1.300 0.628 0
1.298 0.627 0
1.296 0.626 0
1.295 0.625 0
1.293 0.625 0
1.291 0.624 0
1.286 0.623 0
1.287 0.622 0
1.282 0.622 0
1.278 0.623 0
1.275 0.625 0
1.266 0.633 0
0.846 0.612 2
0.832 0.608 2
1.226 0.602 0
1.207 0.597 0
1.191 0.591 0
0.835 0.583 2
1.158 0.582 0
1.144 0.578 0
1.134 0.575 0
1.121 0.568 0
1.108 0.564 0
1.096 0.559 0
0.781 0.552 2
0.766 0.547 2
0.596 0.543 2
1.040 0.534 0
0.586 0.529 2
0.823 0.524 2
0.802 0.520 2
0.987 0.516 0
0.766 0.510 2
0.762 0.507 2
0.762 0.506 2
0.759 0.506 2
0.759 0.506 2
0.761 0.505 2
0.980 0.504 0
0.983 0.504 0
0.972 0.503 0
0.971 0.502 0
0.970 0.501 0
0.969 0.501 0
0.967 0.501 0
0.966 0.501 0
0.964 0.501 0
0.961 0.500 0
0.951 0.499 0
0.943 0.498 0
0.882 0.497 2
0.865 0.495 2
0.906 0.494 1
0.892 0.493 2
0.876 0.491 2
0.866 0.489 2
0.855 0.489 2
0.844 0.488 2
0.835 0.487 2
0.834 0.486 2
0.835 0.484 2
0.836 0.483 2
0.836 0.483 2
0.836 0.482 2
0.836 0.482 2
0.836 0.481 2
0.839 0.480 2
0.842 0.479 2
1.461 0.477 1
1.111 0.476 1
1.110 0.474 1
1.109 0.473 1
1.104 0.472 1
1.102 0.472 1
1.105 0.472 1
1.105 0.472 1
1.101 0.472 1
1.101 0.472 1
1.103 0.472 1
1.102 0.472 1
1.105 0.472 1
1.098 0.473 1
1.500 0.473 1
1.493 0.474 1
1.486 0.475 1
1.479 0.476 1
1.468 0.478 1
1.460 0.480 1
1.456 0.481 1
1.447 0.483 1
1.436 0.484 1
1.427 0.486 1
1.419 0.488 1
1.412 0.490 1
1.406 0.492 1
1.397 0.494 1
1.389 0.497 0
1.315 0.499 0
1.304 0.502 0
1.299 0.504 0
1.358 0.508 0
1.349 0.512 0
1.339 0.516 0
1.329 0.521 0
1.318 0.527 0
1.306 0.533 0
1.295 0.539 0
1.284 0.545 0
1.266 0.552 0
1.248 0.559 0
1.233 0.566 0
1.212 0.573 0
1.164 0.580 0
1.145 0.587 0
1.123 0.594 0
1.103 0.601 0
1.081 0.608 0
1.061 0.616 0
1.043 0.623 0
1.024 0.630 0
1.005 0.637 0
0.985 0.645 0
0.966 0.652 0
0.947 0.659 0
0.928 0.664 0
0.910 0.668 0
0.893 0.675 2
0.874 0.683 2
0.856 0.689 2
0.837 0.690 2
0.822 0.691 2
1.091 0.693 0
1.088 0.694 0
1.442 0.697 0
1.440 0.695 0
1.445 0.695 0
1.444 0.696 0
1.442 0.697 0
1.439 0.698 0
1.437 0.699 0
1.436 0.699 0
1.435 0.699 0
1.430 0.700 0
1.427 0.701 0
1.422 0.703 0
1.056 0.706 0
1.047 0.709 0
1.041 0.714 0
1.031 0.720 0
1.026 0.726 0
1.018 0.733 0
1.010 0.740 0
0.667 0.747 2
0.645 0.755 2
0.625 0.763 2
0.609 0.770 2
0.593 0.778 2
0.575 0.785 2
0.565 0.788 2
0.554 0.783 2
0.548 0.776 2
0.549 0.774 2
0.553 0.774 2
0.556 0.771 2
0.563 0.770 2
0.569 0.769 2
0.569 0.769 2
0.998 0.768 0
0.995 0.768 0
0.995 0.767 0
0.994 0.766 0
0.996 0.766 0
0.995 0.766 0
0.990 0.766 0
0.985 0.765 0
0.978 0.764 0
0.968 0.763 0
0.956 0.766 0
0.942 0.765 0
0.928 0.768 0
0.913 0.768 0
0.898 0.771 2
0.882 0.771 2
0.865 0.770 2
0.848 0.764 2
0.832 0.765 2
0.816 0.766 2
0.802 0.767 2
0.786 0.768 2
0.781 0.768 2
0.782 0.769 2
0.783 0.768 2
0.785 0.770 2
0.785 0.768 2
0.784 0.767 2
0.784 0.868 2
0.783 0.870 2
0.783 0.870 2
0.782 0.869 2
0.780 0.771 2
0.779 0.766 2
0.778 0.760 2
0.777 0.754 2
0.776 0.749 2
0.776 0.747 2
0.776 0.746 2
0.777 0.748 2
0.777 0.747 2
0.780 0.747 2
0.780 0.747 2
0.779 0.746 2
0.785 0.391 2
1.556 0.386 1
0.828 0.374 2
0.782 0.372 2
0.777 0.371 2
0.776 0.366 2
0.775 0.364 2
0.774 0.366 2
0.776 0.375 2
0.779 0.746 2
0.796 0.750 2
1.807 0.364 1
1.799 0.354 1
1.798 0.352 1
0.944 0.350 1
1.795 0.350 1
0.935 0.350 1
0.942 0.350 1
1.794 0.350 1
1.794 0.350 1
0.938 0.350 1
0.937 0.350 1
0.937 0.350 1
0.943 0.350 1
0.939 0.350 1
0.933 0.350 1
0.936 0.350 1
0.936 0.350 1
0.932 0.350 1
0.935 0.350 1
0.935 0.350 1
0.935 0.350 1
0.935 0.350 1
0.931 0.350 1
0.935 0.350 1
0.931 0.353 1
0.933 0.353 1
0.930 0.744 0
0.923 0.743 0
0.915 0.743 0
0.909 0.740 0
0.902 0.740 0
0.893 0.733 2
0.886 0.726 2
1.717 0.376 1
1.704 0.371 1
2.695 0.372 1
2.682 0.377 1
2.672 0.396 1
2.659 0.692 0
2.647 0.688 0
2.636 0.684 0
2.625 0.680 0
2.616 0.460 1
2.608 0.674 0
2.598 0.461 1
2.586 0.469 1
2.579 0.662 0
2.562 0.658 0
2.552 0.655 0
2.538 0.651 0
1.498 0.647 0
1.480 0.644 0
1.465 0.511 0
1.449 0.527 0
1.429 0.633 0
1.414 0.626 0
1.396 0.582 0
1.378 0.584 0
1.359 0.613 0
1.344 0.614 0
1.325 0.611 0
1.306 0.607 0
2.287 0.603 0
2.266 0.599 0
2.245 0.595 0
2.224 0.591 0
2.204 0.585 0
2.184 0.582 0
2.164 0.579 0
2.145 0.578 0
2.126 0.575 0
2.108 0.572 0
2.089 0.569 0
2.070 0.566 0
2.051 0.563 0
2.032 0.559 0
2.013 0.556 0
1.995 0.553 0
1.976 0.549 0
1.957 0.546 0
1.939 0.542 0
1.920 0.538 0
1.902 0.534 0
1.884 0.530 0
0.592 0.527 2
0.587 0.523 2
0.583 0.519 2
0.576 0.515 2
0.575 0.511 2
0.572 0.507 2
0.568 0.504 2
0.803 0.500 2
0.801 0.498 2
0.802 0.497 2
0.802 0.497 2
0.802 0.496 2
0.802 0.496 2
0.802 0.496 2
0.802 0.495 2
0.802 0.494 2
0.804 0.493 2
1.542 0.492 1
1.542 0.491 1
1.545 0.490 1
1.754 0.489 1
1.754 0.489 1
1.753 0.489 1
1.753 0.489 1
1.754 0.489 1
1.753 0.489 1
1.752 0.488 1
1.749 0.488 1
1.745 0.487 1
0.589 0.487 2
0.590 0.486 2
0.590 0.486 2
1.715 0.484 1
1.706 0.483 1
1.697 0.482 1
1.690 0.481 1
1.684 0.480 1
1.677 0.480 1
1.470 0.480 1
1.663 0.480 1
1.453 0.481 1
1.449 0.481 1
1.435 0.482 1
1.428 0.483 1
1.417 0.485 1
1.415 0.486 1
1.417 0.488 1
1.592 0.490 1
1.581 0.492 1
1.571 0.494 1
1.560 0.496 0
1.550 0.497 0
1.540 0.499 0
1.529 0.502 0
1.518 0.504 0
1.505 0.507 0
1.491 0.511 0
1.476 0.515 0
1.460 0.520 0
1.443 0.524 0
1.426 0.530 0
1.408 0.535 0
1.390 0.541 0
1.372 0.546 0
1.354 0.553 0
1.336 0.558 0
1.318 0.564 0
1.300 0.570 0
1.282 0.576 0
1.264 0.583 0
1.245 0.589 0
1.225 0.595 0
1.206 0.601 0
1.186 0.608 0
1.167 0.614 0
1.147 0.621 0
1.131 0.627 0
1.111 0.633 0
1.091 0.640 0
1.072 0.646 0
1.052 0.653 0
1.030 0.659 0
1.011 0.663 0
0.991 0.670 0
0.972 0.682 0
0.952 0.686 0
0.933 0.693 0
0.914 0.700 0
0.895 0.707 2
0.876 0.714 2
0.857 0.721 2
0.838 0.728 2
0.819 0.735 2
0.801 0.742 2
0.785 0.747 2
0.776 0.748 2
0.777 0.746 2
0.780 0.744 2
0.780 0.744 2
0.780 0.744 2
0.779 0.744 2
0.779 0.744 2
0.779 0.743 2
0.779 0.743 2
0.778 0.743 2
0.778 0.743 2
0.778 0.743 2
0.778 0.742 2
0.778 0.742 2
0.780 0.741 2
0.779 0.744 2
0.774 0.743 2
0.773 0.748 2
0.772 0.743 2
0.771 0.738 2
0.770 0.737 2
0.769 0.737 2
0.768 0.739 2
0.767 0.739 2
0.766 0.743 2
0.766 0.749 2
0.771 1.151 2
0.875 0.746 2
0.818 0.789 2
0.768 0.784 2
0.767 0.783 2
0.767 0.784 2
0.770 0.810 2
0.773 0.769 2
0.786 0.763 2
0.797 0.756 2
1.543 0.753 0
1.544 0.749 0
0.780 0.746 2
1.544 0.743 0
1.543 0.745 0
1.541 0.741 0
1.540 0.741 0
1.539 0.741 0
1.538 0.740 0
1.534 0.739 0
1.527 0.737 0
1.518 0.733 0
1.506 0.729 0
1.492 0.724 0
1.478 0.718 0
1.463 0.712 0
1.446 0.709 0
1.430 0.702 0
1.415 0.696 0
1.397 0.692 0
1.375 0.686 0
1.356 0.676 0
1.337 0.670 0
1.322 0.667 0
1.300 0.657 0
1.281 0.651 0
1.265 0.644 0
1.246 0.638 0
1.226 0.632 0
1.206 0.625 0
1.184 0.619 0
1.164 0.611 0
1.144 0.604 0
1.124 0.598 0
1.108 0.590 0
1.085 0.584 0
1.066 0.580 0
1.048 0.577 0
1.029 0.567 0
1.010 0.561 0
0.755 0.555 2
0.712 0.551 2
0.684 0.542 2
0.669 0.536 2
0.658 0.529 2
0.655 0.520 2
0.886 0.515 2
0.880 0.506 2
0.570 0.504 2
0.568 0.504 2
0.565 0.505 2
0.887 0.505 2
0.886 0.504 2
0.565 0.503 2
0.886 0.502 2
0.889 0.501 2
0.889 0.501 2
0.889 0.500 2
0.888 0.500 2
0.889 0.499 2
0.889 0.498 2
0.889 0.497 2
0.889 0.495 2
0.890 0.494 2
0.890 0.493 2
0.891 0.491 2
0.891 0.490 2
0.888 0.489 2
0.584 0.486 2
0.891 0.484 2
0.893 0.482 2
0.892 0.480 2
0.892 0.479 2
0.893 0.477 2
0.892 0.475 2
0.892 0.473 2
0.892 0.472 2
0.893 0.470 2
0.895 0.467 2
0.887 0.464 2
0.890 0.461 2
0.889 0.459 2
0.888 0.457 2
0.887 0.455 2
0.887 0.453 2
0.886 0.451 2
0.889 0.450 2
0.882 0.452 2
0.887 0.463 2
0.877 0.451 2
0.880 0.447 2
0.879 0.446 2
0.878 0.446 2
0.876 0.445 2
0.876 0.448 2
0.878 0.475 2
0.877 0.504 2
0.879 0.553 2
0.887 0.453 2
0.899 0.457 2
0.877 0.545 2
0.873 0.539 2
0.876 1.053 2
0.882 0.470 2
0.892 0.469 2
3.287 0.474 1
3.284 0.481 1
3.284 0.858 0
3.285 0.855 0
3.285 0.851 0
3.288 0.851 0
3.291 0.851 0
3.285 0.851 0
3.278 0.848 0
3.266 0.845 0
3.256 0.843 0
3.244 0.835 0
3.230 0.832 0
3.215 0.822 0
3.202 0.817 0
3.187 0.593 0
3.163 0.800 0
3.144 0.792 0
3.126 0.788 0
1.022 0.777 0
3.090 0.769 0
3.067 0.765 0
3.051 0.758 0
3.031 0.750 0
0.949 0.740 0
0.929 0.732 0
0.910 0.728 0
2.954 0.718 0
2.935 0.714 0
2.916 0.723 0
2.898 0.714 0
2.880 0.704 0
2.862 0.697 0
2.844 0.689 0
2.826 0.683 0
2.808 0.675 0
2.790 0.686 0
2.771 0.666 0
2.752 0.663 0
2.733 0.673 0
2.714 0.649 0
2.696 0.643 0
2.678 0.636 0
2.659 0.630 0
2.641 0.622 0
2.622 0.613 0
2.601 0.609 0
2.582 0.599 0
2.566 0.596 0
2.547 0.587 0
2.526 0.580 0
2.507 0.574 0
2.488 0.567 0
2.470 0.561 0
2.452 0.557 0
2.434 0.551 0
2.415 0.543 0
2.397 0.537 0
2.378 0.527 0
2.360 0.523 0
2.342 0.535 0
2.323 0.524 0
2.305 0.506 0
2.287 0.503 0
1.923 0.492 1
1.900 0.487 1
1.887 0.483 1
2.211 0.480 1
2.193 0.478 1
2.176 0.479 1
2.159 0.497 0
2.143 0.486 1
2.127 0.503 0
2.112 0.514 0
2.098 0.492 1
2.084 0.479 1
2.071 0.483 1
1.813 0.630 0
1.796 0.482 1
1.789 0.621 0
1.782 0.625 0
1.770 0.597 0
2.001 0.601 0
1.788 0.605 0
1.771 0.571 0
1.964 0.544 0
1.952 0.579 0
1.941 0.522 0
1.927 0.530 0
1.910 0.516 0
1.893 1.428 3
1.876 1.419 3
1.859 1.413 3
1.840 1.405 3
1.820 1.400 3
1.801 1.398 3
1.782 1.394 3
1.763 1.389 3
1.745 1.386 3
1.727 1.381 3
1.633 1.380 3
1.693 1.384 3
1.678 1.412 3
1.663 1.378 3
1.649 1.372 3
1.569 1.369 3
1.559 1.367 3
1.578 1.364 3
1.547 1.361 3
1.555 1.358 3
1.450 1.362 3
1.369 2.692 3
1.358 2.689 3
1.342 2.686 3
1.332 0.753 0
1.347 0.761 0
1.333 0.772 0
1.307 0.775 0
1.300 0.785 0
1.292 0.856 0
1.284 0.935 3
1.276 2.253 3
1.265 1.319 3
1.254 1.324 3
1.245 1.336 3
1.234 2.293 3
1.226 0.832 0
1.211 0.834 0
1.197 0.839 0
1.182 0.843 0
1.163 0.847 0
1.147 0.854 0
1.131 0.860 0
1.115 2.358 3
1.098 2.365 3
1.081 2.372 3
1.064 0.875 0
1.047 0.883 0
1.031 0.891 0
1.014 2.401 3
0.997 2.407 3
0.980 0.895 0
0.966 0.897 0
0.948 0.903 3
0.932 0.908 3
0.915 0.913 3
0.899 0.916 2
0.883 0.922 2
0.867 0.927 2
0.851 0.932 2
0.836 0.938 2
0.822 0.917 2
0.816 0.903 2
0.817 0.897 2
0.817 0.891 2
0.822 0.890 2
0.822 0.894 2
0.822 0.890 2
0.818 0.890 2
0.817 0.890 2
0.816 0.889 2
0.816 0.888 2
0.814 0.887 2
0.814 0.886 2
0.813 0.885 2
0.812 0.884 2
0.815 0.889 2
0.815 0.978 2
0.815 0.898 2
0.813 0.970 2
0.812 0.881 2
0.807 0.877 2
0.806 0.877 2
0.805 0.901 2
0.804 0.963 2
0.803 0.871 2
0.805 0.954 2
0.805 0.887 2
0.807 0.837 2
0.823 0.834 2
0.874 0.830 2
0.806 0.822 2
0.802 0.819 2
0.804 0.818 2
0.807 0.814 2
0.813 0.826 2
0.881 0.798 2
0.892 0.792 2
0.893 0.788 2
0.895 0.785 2
1.265 0.782 0
1.269 0.779 0
1.270 0.786 0
1.270 0.774 0
1.268 0.769 0
1.265 0.776 0
1.259 0.789 0
1.251 0.776 0
1.241 0.770 0
1.229 0.766 0
1.215 0.754 0
1.200 0.752 0
1.076 0.747 0
1.057 0.741 0
1.041 0.739 0
1.025 0.727 0
1.110 0.725 0
1.004 0.719 0
1.071 0.713 0
1.051 0.710 0
1.031 0.708 0
1.012 0.692 0
0.992 0.689 0
0.972 0.687 0
0.950 0.674 0
0.934 0.671 0
0.915 0.665 0
0.893 0.660 2
0.874 0.654 2
0.856 0.648 2
0.837 0.645 2
0.818 0.632 2
0.801 0.634 2
0.786 0.619 2
0.778 0.608 2
0.779 0.603 2
0.782 0.602 2
0.784 0.602 2
0.784 0.603 2
0.784 0.602 2
0.784 0.602 2
0.783 0.601 2
0.783 0.596 2
0.783 0.595 2
0.784 0.594 2
0.784 0.592 2
0.784 0.590 2
0.785 0.589 2
0.786 0.588 2
0.786 0.587 2
0.785 0.590 2
0.784 0.584 2
0.784 0.578 2
0.783 0.576 2
0.783 0.574 2
0.783 0.572 2
0.783 0.570 2
0.782 0.572 2
0.781 0.577 2
0.780 0.568 2
0.779 0.562 2
0.778 0.557 2
0.777 0.555 2
0.776 0.553 2
0.779 0.555 2
0.779 0.553 2
0.773 0.552 2
0.771 0.564 2
0.769 0.552 2
0.767 0.551 2
0.765 0.551 2
0.763 0.550 2
0.762 0.578 2
0.761 0.588 2
0.763 0.798 2
0.766 0.686 2
0.779 0.586 2
0.765 0.681 2
0.761 0.663 2
0.760 0.775 2
0.763 0.813 2
0.766 0.567 2
0.776 0.572 2
0.794 0.577 2
1.650 0.750 0
1.665 0.743 0
1.664 0.741 0
1.664 0.738 0
0.934 0.736 0
0.925 0.736 0
0.917 0.734 0
0.873 0.731 2
0.910 0.727 0
0.892 0.722 2
0.887 0.716 2
0.871 0.710 2
0.856 0.703 2
1.556 0.697 0
1.547 0.692 0
1.536 0.691 0
1.533 0.687 0
1.533 0.686 0
1.531 0.686 0
1.529 0.685 0
1.527 0.685 0
1.524 0.684 0
1.523 0.683 0
1.522 0.682 0
0.904 0.682 0
0.900 0.680 2
0.892 0.676 2
1.492 0.672 0
1.479 0.668 0
0.851 0.666 2
0.844 0.661 2
1.439 0.657 0
0.880 0.655 2
1.415 0.651 0
1.407 0.643 0
1.396 0.636 0
1.385 0.632 0
1.374 0.629 0
1.360 0.622 0
1.348 0.618 0
0.885 0.613 2
1.315 0.608 0
1.302 0.604 0
1.287 0.598 0
1.269 0.593 0
1.252 0.588 0
1.235 0.583 0
1.219 0.579 0
1.203 0.575 0
1.187 0.570 0
0.867 0.565 2
1.154 0.561 0
1.140 0.556 0
1.123 0.552 0
1.106 0.547 0
1.090 0.543 0
1.074 0.539 0
1.060 0.535 0
1.049 0.532 0
1.037 0.528 0
1.021 0.521 0
1.006 0.518 0
0.986 0.516 0
0.967 0.513 0
0.826 0.510 2
0.930 0.508 0
0.855 0.506 2
0.898 0.503 2
0.879 0.501 2
0.863 0.499 2
0.848 0.496 2
0.834 0.494 2
0.824 0.493 2
0.821 0.490 2
0.827 0.490 2
0.828 0.490 2
0.829 0.490 2
0.829 0.490 2
0.828 0.489 2
0.828 0.489 2
0.828 0.488 2
0.831 0.487 2
0.828 0.486 2
0.832 0.485 2
0.831 0.484 2
0.834 0.483 2
1.447 0.482 1
1.101 0.481 1
1.101 0.480 1
1.100 0.479 1
1.100 0.479 1
1.096 0.480 1
1.095 0.479 1
1.098 0.480 1
1.095 0.479 1
1.092 0.480 1
1.086 0.480 1
1.077 0.480 1
0.823 0.481 2
1.473 0.481 1
1.464 0.482 1
1.455 0.483 1
1.446 0.484 1
1.438 0.484 1
1.428 0.485 1
1.421 0.486 1
1.414 0.487 1
1.410 0.488 1
1.403 0.490 1
1.395 0.491 1
1.387 0.493 1
1.379 0.494 1
1.371 0.496 0
1.366 0.497 0
1.355 0.499 0
1.279 0.502 0
1.274 0.504 0
1.330 0.508 0
1.320 0.512 0
1.310 0.517 0
1.298 0.522 0
1.286 0.528 0
1.275 0.534 0
1.264 0.540 0
1.246 0.547 0
1.228 0.554 0
1.210 0.561 0
1.191 0.568 0
1.172 0.575 0
1.156 0.582 0
1.101 0.589 0
1.082 0.596 0
1.060 0.603 0
1.040 0.610 0
1.021 0.618 0
1.002 0.625 0
0.982 0.632 0
0.963 0.640 0
0.945 0.647 0
0.926 0.651 0
0.907 0.655 0
0.889 0.669 2
0.871 0.671 2
0.853 0.676 2
0.835 0.674 2
0.821 0.675 2
1.085 0.680 0
1.469 0.680 0
1.467 0.678 0
1.471 0.676 0
1.471 0.676 0
1.470 0.677 0
1.468 0.678 0
1.463 0.680 0
1.456 0.682 0
1.065 0.685 0
1.056 0.690 0
1.049 0.695 0
1.038 0.701 0
1.029 0.707 0
0.714 0.715 2
0.695 0.723 2
0.672 0.734 2
0.653 0.742 2
0.639 0.750 2
0.625 0.757 2
0.612 0.764 2
0.601 0.767 2
0.595 0.766 2
0.595 0.765 2
0.596 0.761 2
0.597 0.760 2
0.600 0.760 2
0.600 0.759 2
0.603 0.758 2
1.056 0.757 0
1.062 0.756 0
1.062 0.755 0
1.424 0.754 0
1.422 0.754 0
1.421 0.755 0
1.597 0.757 0
1.054 0.758 0
1.595 0.760 0
1.586 0.763 0
1.066 0.767 0
1.219 0.772 0
1.205 0.779 0
0.993 0.782 0
0.976 0.782 0
0.960 0.781 0
0.941 0.781 0
0.925 0.775 0
0.909 0.776 0
0.889 0.777 2
0.872 0.779 2
0.856 0.781 2
0.839 0.784 2
0.822 0.791 2
0.806 0.901 2
0.792 0.902 2
0.779 0.901 2
0.771 0.805 2
0.769 0.800 2
0.770 0.799 2
0.770 0.798 2
0.770 0.794 2
0.770 0.793 2
0.769 0.792 2
0.769 0.791 2
0.769 0.791 2
0.769 0.790 2
0.769 0.789 2
0.768 0.789 2
0.768 0.789 2
0.768 0.788 2
0.768 0.787 2
0.768 0.405 2
0.768 0.397 2
0.770 0.393 2
0.770 0.392 2
0.776 0.390 2
0.784 0.389 2
0.773 0.384 2
0.769 0.386 2
0.768 0.411 2
0.768 0.782 2
0.770 0.430 2
0.774 0.808 2
0.784 0.379 2
1.772 0.372 1
1.768 0.369 1
0.915 0.367 1
0.917 0.747 0
0.912 0.745 0
0.912 0.745 0
0.908 0.746 0
0.908 0.746 0
0.911 0.746 0
0.912 0.745 0
0.905 0.743 0
0.899 0.740 2
0.888 0.736 2
0.879 0.732 2
0.871 0.726 2
0.856 0.393 2
0.849 0.379 2
1.673 0.382 1
1.669 0.386 1
2.672 0.392 1
2.672 0.701 0
2.075 0.404 1
1.671 0.398 1
2.075 0.402 1
2.670 0.430 1
2.666 0.428 1
2.662 0.697 0
2.655 0.695 0
2.648 0.689 0
2.640 0.685 0
2.630 0.682 0
2.620 0.678 0
2.403 0.675 0
2.389 0.481 1
2.585 0.667 0
2.569 0.663 0
2.549 0.659 0
2.325 0.555 0
1.500 0.650 0
1.479 0.536 0
1.458 0.642 0
1.440 0.638 0
1.421 0.633 0
1.412 0.628 0
2.395 0.624 0
1.367 0.619 0
1.348 0.615 0
1.326 0.610 0
1.309 0.606 0
1.286 0.601 0
1.270 0.597 0
1.264 0.592 0
1.248 0.587 0
1.214 0.582 0
1.989 0.578 0
1.970 0.571 0
2.159 0.567 0
1.933 0.565 0
1.917 0.561 0
1.895 0.557 0
1.105 0.553 0
1.088 0.549 0
2.044 0.545 0
2.024 0.541 0
2.004 0.537 0
1.984 0.533 0
1.964 0.529 0
1.943 0.525 0
1.924 0.521 0
1.904 0.517 0
1.885 0.513 0
0.575 0.510 2
0.575 0.506 2
1.828 0.502 0
0.574 0.498 2
1.790 0.494 1
1.773 0.491 1
0.803 0.488 2
0.787 0.485 2
0.776 0.482 2
0.765 0.480 2
0.763 0.478 2
0.766 0.479 2
0.766 0.478 2
0.766 0.478 2
0.766 0.477 2
0.765 0.477 2
0.765 0.473 2
0.767 0.476 2
0.767 0.475 2
0.767 0.474 2
0.779 0.473 2
1.512 0.472 1
1.505 0.471 1
1.514 0.470 1
1.726 0.468 1
1.725 0.468 1
1.724 0.469 1
1.724 0.469 1
1.724 0.469 1
1.724 0.469 1
1.724 0.469 1
1.724 0.469 1
1.723 0.469 1
1.723 0.469 1
1.723 0.468 1
1.723 0.468 1
1.723 0.469 1
1.723 0.468 1
1.722 0.468 1
1.720 0.468 1
0.569 0.468 2
1.711 0.467 1
1.704 0.466 1
1.696 0.466 1
0.570 0.465 2
1.680 0.464 1
1.672 0.463 1
1.663 0.463 1
1.655 0.462 1
1.647 0.461 1
1.639 0.461 1
1.426 0.461 1
1.415 0.462 1
1.413 0.462 1
1.603 0.463 1
1.593 0.464 1
1.380 0.465 1
1.371 0.466 1
1.363 0.467 1
1.355 0.469 1
1.347 0.471 1
1.340 0.472 1
1.332 0.474 1
1.515 0.476 1
1.505 0.478 1
1.494 0.479 1
1.484 0.481 1
1.473 0.482 1
1.464 0.484 1
1.454 0.486 1
1.444 0.488 1
1.434 0.490 1
1.424 0.492 1
1.415 0.494 1
1.406 0.497 0
1.397 0.499 0
1.387 0.502 0
1.377 0.505 0
1.366 0.508 0
1.354 0.512 0
1.340 0.517 0
1.326 0.523 0
1.311 0.528 0
1.298 0.534 0
1.279 0.541 0
1.262 0.549 0
1.245 0.556 0
1.227 0.565 0
1.209 0.571 0
1.192 0.579 0
1.174 0.587 0
1.156 0.595 0
1.141 0.603 0
1.122 0.611 0
1.103 0.619 0
1.084 0.627 0
1.065 0.636 0
1.043 0.645 0
1.024 0.651 0
1.006 0.662 0
0.988 0.670 0
0.970 0.678 0
0.952 0.687 0
0.933 0.696 0
0.915 0.705 0
0.897 0.714 2
0.878 0.722 2
0.860 0.730 2
0.843 0.738 2
0.825 0.746 2
0.809 0.753 2
0.794 0.759 2
0.785 0.762 2
0.784 0.760 2
0.787 0.759 2
0.788 0.758 2
0.789 0.758 2
0.788 0.758 2
0.788 0.758 2
0.791 0.758 2
0.791 0.757 2
0.789 0.757 2
0.785 0.759 2
0.784 0.758 2
0.783 0.766 2
0.783 0.760 2
0.782 0.759 2
0.782 0.759 2
0.781 0.755 2
0.780 0.755 2
0.779 0.754 2
0.777 0.754 2
0.776 0.754 2
0.775 0.757 2
0.774 0.757 2
0.774 0.760 2
0.773 0.764 2
0.776 0.794 2
0.778 0.803 2
0.783 0.763 2
0.826 0.795 2
0.776 0.792 2
0.775 0.769 2
0.775 0.789 2
0.778 0.805 2
0.778 0.775 2
0.784 0.768 2
0.805 0.765 2
1.529 0.762 0
1.531 0.758 0
0.791 0.756 2
1.532 0.753 0
1.530 0.752 0
1.529 0.751 0
1.528 0.751 0
1.528 0.751 0
1.527 0.750 0
1.527 0.750 0
1.525 0.750 0
1.521 0.748 0
1.514 0.745 0
1.504 0.742 0
1.493 0.738 0
1.480 0.732 0
1.465 0.726 0
1.450 0.720 0
1.433 0.714 0
1.416 0.706 0
1.397 0.700 0
1.379 0.693 0
1.361 0.686 0
1.342 0.679 0
1.323 0.673 0
1.304 0.666 0
1.285 0.658 0
1.267 0.652 0
1.248 0.645 0
1.229 0.638 0
1.209 0.631 0
1.190 0.624 0
1.170 0.617 0
1.151 0.609 0
1.132 0.602 0
1.114 0.595 0
1.096 0.587 0
1.078 0.580 0
1.060 0.573 0
1.042 0.566 0
1.024 0.559 0
1.006 0.551 0
0.987 0.544 0
0.969 0.536 0
0.715 0.529 2
0.677 0.522 2
0.651 0.514 2
0.628 0.506 2
0.606 0.498 2
0.591 0.490 2
0.585 0.484 2
0.573 0.478 2
0.835 0.479 2
0.837 0.483 2
0.839 0.482 2
0.839 0.481 2
0.839 0.479 2
0.837 0.476 2
0.831 0.475 2
0.834 0.470 2
0.834 0.470 2
0.831 0.469 2
0.831 0.468 2
0.527 0.466 2
0.832 0.464 2
0.836 0.462 2
0.839 0.460 2
0.842 0.455 2
0.843 0.456 2
0.843 0.454 2
0.841 0.453 2
0.838 0.451 2
0.838 0.449 2
0.838 0.447 2
0.834 0.445 2
0.837 0.443 2
0.845 0.441 2
0.846 0.439 2
0.845 0.437 2
0.845 0.435 2
0.846 0.433 2
0.847 0.431 2
0.836 0.428 2
0.835 0.425 2
0.834 0.423 2
0.834 0.420 2
0.842 0.417 2
0.841 0.415 2
0.841 0.414 2
0.844 0.412 2
0.843 0.411 2
0.831 0.413 2
0.827 0.414 2
0.826 0.413 2
0.825 0.408 2
0.826 0.408 2
0.828 0.408 2
0.830 0.411 2
0.829 0.423 2
0.828 0.441 2
0.830 0.467 2
0.836 0.418 2
0.840 0.419 2
5.000 0.427 1
0.828 0.484 2
0.827 0.999 2
0.830 0.431 2
0.832 0.433 2
0.835 0.434 2
0.835 0.430 2
0.835 0.430 2
0.835 0.430 2
0.839 0.428 2
0.852 0.431 2
0.856 0.432 2
3.332 0.433 1
3.333 0.437 1
3.334 0.442 1
3.334 0.453 1
3.335 0.817 0
3.334 0.818 0
3.334 0.801 0
3.333 0.818 0
3.332 0.814 0
3.329 0.817 0
3.323 0.810 0
3.314 0.803 0
3.302 0.799 0
3.288 0.790 0
3.271 0.783 0
3.256 0.780 0
3.242 0.770 0
3.224 0.762 0
3.203 0.754 0
3.188 0.591 0
3.168 0.741 0
3.149 0.632 0
3.129 0.654 0
3.110 0.715 0
0.881 0.707 2
3.071 0.699 0
3.051 0.691 0
3.031 0.683 0
3.012 0.675 0
2.994 0.668 0
2.973 0.661 0
2.957 0.654 0
2.940 0.648 0
0.811 0.641 2
0.795 0.638 2
0.778 0.648 2
0.781 0.636 2
2.859 0.629 0
0.749 0.620 2
2.835 0.612 0
2.829 0.608 0
2.828 0.607 0
2.828 0.604 0
2.827 0.607 0
2.826 0.608 0
2.825 0.607 0
2.823 0.607 0
2.821 0.606 0
2.819 0.606 0
2.817 0.606 0
2.815 0.605 0
2.813 0.605 0
2.809 0.600 0
2.801 0.599 0
2.791 0.600 0
2.780 0.597 0
2.767 0.592 0
2.752 0.589 0
2.736 0.587 0
2.719 0.580 0
2.702 0.575 0
2.684 0.565 0
2.665 0.562 0
2.647 0.558 0
2.628 0.558 0
2.609 0.575 0
2.589 0.538 0
2.569 0.529 0
2.550 0.523 0
2.530 0.512 0
2.510 0.512 0
2.491 0.503 0
2.471 0.496 0
2.451 0.486 1
2.431 0.479 1
2.411 0.470 1
2.391 0.464 1
2.372 0.458 1
2.354 0.452 1
2.337 0.448 1
2.320 0.444 1
2.304 0.441 1
2.288 0.439 1
2.274 0.440 1
2.258 0.439 1
2.248 0.445 1
2.233 0.450 1
2.222 0.449 1
2.214 0.459 1
2.205 0.466 1
2.195 0.445 1
2.184 0.441 1
2.179 0.437 1
2.181 0.436 1
2.181 0.436 1
2.179 0.436 1
2.179 0.436 1
2.181 0.436 1
2.177 0.436 1
2.174 0.436 1
2.169 0.436 1
2.163 0.436 1
2.155 0.507 0
2.147 0.444 1
2.138 0.442 1
2.129 0.487 1
2.119 0.486 1
2.107 0.495 0
2.096 3.091 3
2.085 3.097 3
2.074 0.457 1
2.062 0.458 1
2.049 0.462 1
2.035 0.473 1
2.021 0.492 1
2.008 0.481 1
1.995 1.464 3
1.981 1.455 3
1.968 1.452 3
1.956 1.447 3
1.943 1.446 3
1.931 1.444 3
1.918 1.442 3
1.905 1.441 3
1.891 1.437 3
1.877 1.435 3
1.862 1.434 3
1.848 1.433 3
1.833 1.431 3
1.818 1.430 3
1.804 1.431 3
1.790 1.430 3
1.776 1.431 3
1.762 1.440 3
1.686 1.432 3
1.677 1.424 3
1.658 1.422 3
1.646 1.421 3
1.637 0.664 0
1.524 0.665 0
1.425 0.675 0
1.418 0.686 0
1.416 0.693 0
1.403 0.696 0
1.393 0.795 0
1.413 0.805 0
1.414 0.819 0
1.410 0.830 0
1.359 0.915 3
1.345 0.982 3
1.332 2.168 3
1.318 0.880 0
1.304 2.192 3
1.290 2.204 3
1.277 2.217 3
1.263 2.229 3
1.249 1.292 3
1.236 1.297 3
1.223 1.305 3
1.210 1.312 3
1.201 1.319 3
1.190 2.290 3
1.181 2.298 3
1.170 2.304 3
1.157 1.762 3
1.144 1.772 3
1.132 2.326 3
1.120 2.333 3
1.108 2.340 3
1.096 2.347 3
1.083 0.844 0
1.071 0.848 0
1.059 0.814 0
1.046 0.820 0
1.032 0.820 0
1.017 0.859 0
0.999 0.825 0
0.982 0.828 0
0.965 0.831 0
0.947 0.829 0
0.929 0.828 0
0.910 0.830 0
0.891 0.833 2
0.872 0.835 2
0.853 0.835 2
0.834 0.837 2
0.814 0.840 2
0.796 0.843 2
0.780 0.845 2
0.775 0.844 2
0.778 0.843 2
0.780 0.842 2
0.782 0.841 2
0.783 0.841 2
0.782 0.844 2
0.782 0.844 2
0.782 0.842 2
0.783 0.845 2
0.786 0.841 2
0.783 0.840 2
0.784 0.838 2
0.787 0.834 2
0.786 0.833 2
0.786 0.831 2
0.782 0.829 2
0.781 0.828 2
0.780 0.826 2
0.780 0.825 2
0.779 0.823 2
0.779 0.822 2
0.781 0.830 2
0.781 0.905 2
0.780 0.834 2
0.778 0.825 2
0.772 0.831 2
0.770 0.821 2
0.769 0.820 2
0.768 0.854 2
0.767 0.890 2
0.766 0.884 2
0.766 0.826 2
0.769 0.822 2
0.768 0.798 2
0.780 0.794 2
0.796 0.791 2
0.767 0.787 2
0.766 0.784 2
0.766 0.780 2
0.768 0.773 2
0.771 0.770 2
0.784 0.767 2
0.843 0.763 2
0.885 0.755 2
0.887 0.752 2
0.885 0.749 2
1.333 0.748 0
1.338 0.742 0
1.339 0.735 0
1.335 0.733 0
1.333 0.732 0
1.331 0.732 0
1.329 0.732 0
1.323 0.732 0
1.315 0.731 0
1.304 0.731 0
1.295 0.724 0
1.280 0.719 0
1.264 0.715 0
1.247 0.710 0
1.230 0.709 0
1.211 0.700 0
1.048 0.694 0
1.025 0.689 0
1.005 0.684 0
0.988 0.678 0
0.971 0.673 0
0.955 0.667 0
0.938 0.662 0
0.922 0.656 0
0.905 0.650 0
0.886 0.638 2
0.954 0.627 0
0.935 0.618 0
0.915 0.612 0
0.897 0.606 2
0.880 0.601 2
0.864 0.597 2
0.849 0.593 2
0.835 0.589 2
0.824 0.585 2
0.822 0.583 2
0.825 0.578 2
0.826 0.578 2
0.826 0.582 2
0.826 0.578 2
0.826 0.578 2
0.826 0.577 2
0.826 0.576 2
0.827 0.572 2
0.827 0.572 2
0.827 0.572 2
0.827 0.571 2
0.827 0.570 2
0.828 0.569 2
0.828 0.568 2
0.828 0.566 2
0.828 0.564 2
0.828 0.564 2
0.826 0.562 2
0.826 0.561 2
0.825 0.566 2
0.825 0.565 2
0.825 0.565 2
0.825 0.565 2
0.825 0.560 2
0.826 0.559 2
0.825 0.554 2
0.826 0.553 2
0.826 0.552 2
0.826 0.550 2
0.827 0.549 2
0.827 0.547 2
0.828 0.546 2
0.827 0.545 2
0.826 0.547 2
0.825 0.550 2
0.823 0.547 2
0.822 0.545 2
0.821 0.538 2
0.820 0.532 2
0.820 0.530 2
0.820 0.529 2
0.820 0.528 2
0.823 0.527 2
0.821 0.527 2
0.824 0.526 2
0.824 0.526 2
0.823 0.525 2
0.822 0.524 2
0.818 0.527 2
0.817 0.527 2
0.816 0.542 2
0.816 0.707 2
0.814 0.524 2
0.813 0.520 2
0.813 0.523 2
0.812 0.527 2
0.812 0.572 2
0.811 0.867 2
0.813 0.842 2
0.879 0.838 2
0.816 0.548 2
0.812 0.667 2
0.811 0.665 2
0.814 0.666 2
0.817 0.546 2
1.554 0.538 0
0.837 0.805 2
0.903 0.549 0
1.580 0.799 0
1.719 0.795 0
1.721 0.793 0
1.717 0.793 0
1.717 0.796 0
1.716 0.793 0
1.715 0.796 0
1.569 0.791 0
1.566 0.792 0
1.696 0.788 0
1.685 0.780 0
1.669 0.775 0
0.902 0.616 0
1.637 0.632 0
1.620 0.753 0
1.596 0.745 0
1.569 0.737 0
1.553 0.729 0
1.552 0.721 0
1.533 0.712 0
0.835 0.704 2
0.806 0.697 2
0.791 0.688 2
0.780 0.680 2
0.858 0.672 2
1.416 0.664 0
1.407 0.657 0
1.403 0.652 0
1.401 0.650 0
0.854 0.651 2
0.857 0.651 2
1.404 0.652 0
0.854 0.650 2
0.851 0.650 2
0.855 0.649 2
0.851 0.649 2
0.847 0.649 2
0.847 0.651 2
0.853 0.651 2
1.395 0.649 0
1.394 0.656 0
1.394 0.645 0
1.392 0.643 0
1.391 0.643 0
1.389 0.643 0
1.387 0.642 0
1.382 0.641 0
0.858 0.635 2
1.364 0.631 0
1.348 0.627 0
1.334 0.622 0
1.316 0.617 0
0.907 0.612 0
1.291 0.607 0
1.275 0.603 0
1.262 0.599 0
1.242 0.594 0
1.226 0.590 0
1.209 0.585 0
1.191 0.580 0
1.171 0.576 0
1.153 0.572 0
1.136 0.567 0
1.118 0.562 0
1.100 0.557 0
1.084 0.552 0
1.066 0.547 0
1.047 0.542 0
0.842 0.537 2
0.815 0.531 2
0.992 0.526 0
0.977 0.521 0
0.958 0.516 0
0.746 0.512 2
0.729 0.508 2
0.910 0.504 0
0.895 0.500 2
0.888 0.497 2
0.868 0.493 2
0.858 0.489 2
0.852 0.487 2
0.853 0.487 2
0.854 0.487 2
0.854 0.487 2
0.854 0.486 2
0.853 0.486 2
0.853 0.485 2
0.852 0.484 2
0.852 0.483 2
0.851 0.482 2
0.847 0.481 2
0.846 0.480 2
0.846 0.479 2
0.849 0.476 2
0.848 0.474 2
0.848 0.473 2
0.848 0.473 2
0.851 0.472 2
0.851 0.471 2
0.851 0.471 2
1.482 0.469 1
1.482 0.468 1
1.132 0.466 1
1.540 0.465 1
1.132 0.464 1
1.117 0.463 1
1.120 0.464 1
1.132 0.464 1
1.125 0.464 1
1.120 0.465 1
1.114 0.465 1
1.109 0.466 1
1.103 0.466 1
1.104 0.468 1
1.504 0.469 1
1.496 0.470 1
1.485 0.472 1
1.476 0.473 1
1.468 0.475 1
1.460 0.476 1
1.451 0.478 1
1.443 0.479 1
1.435 0.481 1
1.427 0.483 1
1.419 0.485 1
1.412 0.487 1
1.404 0.489 1
1.399 0.492 1
1.391 0.495 0
1.321 0.497 0
1.306 0.499 0
1.298 0.502 0
1.289 0.505 0
1.279 0.509 0
1.271 0.513 0
1.329 0.517 0
1.318 0.522 0
1.307 0.526 0
1.294 0.531 0
1.282 0.538 0
1.268 0.545 0
1.250 0.552 0
1.232 0.560 0
1.214 0.567 0
1.198 0.574 0
1.178 0.581 0
1.127 0.587 0
1.105 0.594 0
1.082 0.600 0
1.062 0.607 0
1.043 0.615 0
1.024 0.623 0
1.004 0.631 0
0.985 0.639 0
0.966 0.647 0
0.947 0.655 0
0.929 0.662 0
0.914 0.669 0
0.897 0.676 2
0.885 0.684 2
1.124 0.681 0
1.116 0.683 0
1.497 0.686 0
1.479 0.689 0
1.462 0.694 0
1.446 0.700 0
1.431 0.705 0
1.058 0.711 0
1.047 0.716 0
1.039 0.721 0
1.031 0.727 0
1.023 0.733 0
0.684 0.740 2
0.663 0.750 2
0.648 0.757 2
0.632 0.765 2
0.617 0.772 2
0.604 0.776 2
0.592 0.779 2
0.591 0.775 2
1.040 0.774 0
1.041 0.772 0
1.042 0.772 0
1.041 0.772 0
1.039 0.773 0
1.037 0.774 0
1.036 0.774 0
1.034 0.775 0
1.033 0.776 0
1.032 0.776 0
1.030 0.777 0
1.029 0.777 0
1.027 0.778 0
1.026 0.778 0
1.025 0.778 0
1.020 0.779 0
1.020 0.780 0
1.015 0.779 0
1.007 0.778 0
0.997 0.780 0
0.983 0.779 0
0.974 0.782 0
0.960 0.808 0
0.945 0.782 0
0.930 0.785 0
0.914 0.782 0
0.895 0.782 2
0.875 0.779 2
0.859 0.780 2
0.842 0.782 2
0.823 0.784 2
0.808 0.786 2
0.795 0.787 2
0.789 0.787 2
0.790 0.789 2
0.791 0.791 2
0.792 0.794 2
0.792 0.892 2
0.792 0.888 2
0.792 0.891 2
0.792 0.887 2
0.792 0.887 2
0.792 0.887 2
0.792 0.886 2
0.791 0.885 2
0.790 0.791 2
0.790 0.789 2
0.789 0.784 2
0.788 0.779 2
0.787 0.773 2
0.786 0.771 2
0.785 0.770 2
0.787 0.768 2
0.790 0.398 2
0.800 0.389 2
0.785 0.387 2
0.785 0.384 2
0.784 0.383 2
0.787 0.777 2
0.786 0.765 2
0.793 0.863 2
0.810 0.780 2
0.820 0.371 2
1.799 0.368 1
0.949 0.366 1
0.944 0.364 1
0.940 0.761 0
0.939 0.760 0
0.942 0.767 0
0.939 0.760 0
0.942 0.760 0
0.937 0.760 0
0.933 0.770 0
0.926 0.865 0
0.914 0.750 0
0.911 0.746 0
1.742 0.742 0
1.726 0.384 1
1.708 0.386 1
1.693 0.389 1
2.678 0.396 1
2.089 0.438 1
2.642 0.444 1
2.625 0.698 0
2.609 0.693 0
2.593 0.688 0
2.579 0.683 0
2.564 0.678 0
2.551 0.471 1
2.537 0.480 1
2.524 0.662 0
2.510 0.658 0
0.723 0.577 2
2.481 0.649 0
2.467 0.559 0
2.451 0.640 0
1.984 0.626 0
1.413 0.631 0
1.967 0.607 0
1.965 0.623 0
0.690 0.619 2
2.356 0.615 0
1.329 0.610 0
1.309 0.606 0
1.292 0.601 0
1.275 0.597 0
1.266 0.592 0
1.247 0.588 0
1.228 0.583 0
1.231 0.582 0
2.200 0.575 0
2.182 0.568 0
2.163 0.565 0
1.156 0.562 0
2.125 0.559 0
2.105 0.555 0
2.086 0.551 0
2.067 0.547 0
2.047 0.544 0
2.027 0.540 0
2.007 0.536 0
1.988 0.533 0
1.968 0.529 0
1.949 0.526 0
1.930 0.522 0
1.910 0.519 0
1.891 0.516 0
0.914 0.512 0
0.884 0.509 2
0.867 0.506 2
0.848 0.503 2
0.831 0.499 2
0.816 0.496 2
0.802 0.493 2
0.789 0.490 2
0.783 0.488 2
0.784 0.487 2
0.802 0.487 2
0.802 0.486 2
1.528 0.486 1
1.525 0.485 1
1.525 0.485 1
1.528 0.485 1
1.525 0.485 1
1.524 0.485 1
1.527 0.485 1
1.526 0.485 1
1.523 0.485 1
1.522 0.485 1
1.525 0.485 1
1.522 0.485 1
1.522 0.484 1
1.521 0.485 1
1.521 0.484 1
1.524 0.484 1
1.527 0.484 1
1.523 0.484 1
1.523 0.484 1
1.525 0.484 1
1.522 0.484 1
1.525 0.484 1
1.527 0.483 1
1.527 0.483 1
1.523 0.483 1
1.735 0.483 1
1.735 0.483 1
1.525 0.483 1
1.734 0.483 1
1.733 0.483 1
1.525 0.483 1
1.733 0.483 1
1.732 0.483 1
1.732 0.483 1
1.731 0.483 1
1.731 0.483 1
1.731 0.482 1
1.731 0.482 1
1.731 0.482 1
1.731 0.482 1
1.729 0.483 1
1.726 0.482 1
1.722 0.482 1
1.716 0.481 1
1.707 0.480 1
0.583 0.479 2
0.584 0.478 2
1.678 0.477 1
1.668 0.477 1
1.658 0.476 1
1.650 0.475 1
1.644 0.475 1
1.637 0.475 1
1.431 0.475 1
1.425 0.475 1
1.617 0.475 1
1.417 0.476 1
1.403 0.476 1
1.392 0.478 1
1.384 0.478 1
1.376 0.479 1
1.371 0.481 1
1.363 0.483 1
1.355 0.484 1
1.532 0.486 1
1.522 0.488 1
1.511 0.490 1
1.501 0.492 1
1.491 0.494 1
1.481 0.495 0
1.471 0.498 0
1.461 0.500 0
1.450 0.502 0
1.440 0.505 0
1.427 0.509 0
1.414 0.513 0
1.398 0.517 0
1.383 0.522 0
1.367 0.527 0
1.350 0.532 0
1.332 0.538 0
1.314 0.544 0
1.297 0.550 0
1.279 0.556 0
1.262 0.562 0
1.244 0.568 0
1.226 0.574 0
1.207 0.581 0
1.189 0.588 0
1.170 0.594 0
1.151 0.601 0
1.132 0.608 0
1.112 0.615 0
1.093 0.621 0
1.073 0.628 0
1.056 0.635 0
1.037 0.642 0
1.014 0.646 0
0.994 0.654 0
0.974 0.666 0
0.956 0.670 0
0.937 0.678 0
0.919 0.685 0
0.900 0.692 2
0.882 0.699 2
0.864 0.706 2
0.846 0.714 2
0.828 0.720 2
0.811 0.727 2
0.798 0.731 2
0.793 0.731 2
0.794 0.729 2
0.796 0.727 2
0.797 0.727 2
0.797 0.727 2
0.796 0.727 2
0.796 0.727 2
0.795 0.727 2
0.795 0.726 2
0.798 0.726 2
0.797 0.725 2
0.796 0.725 2
0.792 0.727 2
0.791 0.739 2
0.789 0.728 2
0.788 0.727 2
0.787 0.723 2
0.786 0.722 2
0.785 0.721 2
0.784 0.721 2
0.783 0.724 2
0.783 0.727 2
0.783 0.733 2
0.785 1.152 2
0.896 0.730 2
0.835 0.733 2
0.784 0.736 2
0.783 0.754 2
0.786 0.827 2
0.785 0.757 2
0.792 0.785 2
0.809 0.779 2
0.819 0.772 2
1.564 0.750 0
1.565 0.758 0
1.566 0.761 0
1.566 0.758 0
1.564 0.776 0
1.557 0.758 0
1.557 0.758 0
1.556 0.757 0
1.555 0.757 0
1.552 0.755 0
1.545 0.753 0
1.535 0.746 0
1.524 0.742 0
1.511 0.740 0
1.496 0.735 0
1.480 0.729 0
1.463 0.724 0
1.447 0.717 0
1.429 0.710 0
1.411 0.704 0
1.392 0.700 0
1.377 0.699 0
1.355 0.689 0
1.336 0.684 0
1.318 0.677 0
1.298 0.671 0
1.278 0.665 0
1.261 0.656 0
1.241 0.650 0
1.220 0.643 0
1.196 0.633 0
1.178 0.626 0
1.154 0.619 0
1.135 0.612 0
1.115 0.605 0
1.096 0.599 0
1.078 0.593 0
1.060 0.586 0
1.042 0.580 0
1.024 0.573 0
0.775 0.567 2
0.763 0.561 2
0.710 0.555 2
0.698 0.548 2
0.680 0.545 2
0.667 0.539 2
0.901 0.533 0
0.897 0.526 2
0.900 0.522 2
0.905 0.522 0
0.905 0.522 0
0.904 0.521 0
0.578 0.521 2
0.901 0.521 0
0.901 0.520 0
0.576 0.519 2
0.574 0.516 2
0.573 0.513 2
0.571 0.510 2
0.862 0.507 2
0.853 0.503 2
0.842 0.501 2
0.835 0.499 2
0.833 0.497 2
0.834 0.497 2
0.835 0.496 2
0.835 0.495 2
0.836 0.495 2
0.837 0.494 2
0.838 0.493 2
0.840 0.492 2
0.841 0.490 2
0.843 0.489 2
0.840 0.488 2
0.840 0.486 2
0.587 0.484 2
0.845 0.481 2
0.846 0.479 2
0.845 0.477 2
0.845 0.474 2
0.845 0.473 2
0.844 0.471 2
0.844 0.469 2
0.840 0.468 2
0.836 0.464 2
0.838 0.461 2
0.840 0.459 2
0.839 0.456 2
0.839 0.454 2
0.839 0.451 2
0.839 0.449 2
0.842 0.448 2
0.833 0.446 2
0.840 0.451 2
0.827 0.446 2
0.833 0.445 2
0.832 0.443 2
0.831 0.443 2
0.830 0.442 2
0.829 0.445 2
0.828 0.458 2
0.828 0.483 2
0.830 0.523 2
0.867 0.452 2
0.844 0.453 2
0.832 0.474 2
0.829 0.521 2
0.828 0.850 2
0.831 0.473 2
0.834 0.465 2
0.850 0.463 2
3.300 0.468 1
3.301 0.470 1
3.302 0.479 1
3.300 0.812 0
3.300 0.808 0
3.299 0.808 0
3.298 0.811 0
3.294 0.806 0
3.287 0.803 0
3.281 0.800 0
3.272 0.795 0
3.256 0.790 0
3.238 0.784 0
0.979 0.776 0
3.210 0.572 0
3.196 0.586 0
3.174 0.754 0
3.153 0.749 0
3.137 0.738 0
3.118 0.730 0
3.099 0.722 0
3.077 0.714 0
3.061 0.707 0
3.041 0.702 0
3.022 0.692 0
3.002 0.688 0
2.983 0.680 0
0.859 0.674 2
0.840 0.667 2
0.822 0.663 2
2.909 0.667 0
2.892 0.652 0
2.876 0.643 0
2.861 0.638 0
2.846 0.634 0
2.833 0.627 0
2.820 0.623 0
2.808 0.620 0
2.796 0.618 0
2.783 0.615 0
2.769 0.614 0
2.754 0.609 0
2.738 0.599 0
2.722 0.597 0
2.704 0.588 0
2.686 0.583 0
2.668 0.578 0
2.650 0.573 0
2.631 0.568 0
2.612 0.563 0
2.593 0.558 0
2.573 0.553 0
2.553 0.548 0
2.533 0.543 0
2.513 0.539 0
2.493 0.534 0
2.473 0.530 0
2.453 0.525 0
2.433 0.520 0
2.411 0.516 0
2.394 0.512 0
2.371 0.508 0
2.351 0.504 0
2.332 0.501 0
2.312 0.499 0
2.292 0.500 0
2.272 0.516 0
2.253 0.510 0
2.233 0.503 0
2.212 0.502 0
2.192 0.502 0
2.172 0.504 0
2.152 0.506 0
2.132 0.602 0
2.112 0.513 0
2.093 0.591 0
2.074 0.570 0
1.972 0.566 0
1.952 0.573 0
1.874 1.496 3
1.855 1.492 3
1.836 1.488 3
1.817 1.485 3
1.797 1.481 3
1.779 1.481 3
1.760 1.474 3
1.742 1.473 3
1.724 1.466 3
1.706 1.466 3
1.688 1.462 3
1.671 1.459 3
1.659 1.456 3
1.641 1.457 3
1.626 1.477 3
1.612 1.485 3
1.598 1.449 3
1.584 1.446 3
1.570 1.444 3
1.557 1.442 3
1.545 1.439 3
1.470 1.444 3
1.440 2.738 3
1.431 0.821 0
1.424 0.828 0
1.433 0.833 0
1.436 0.840 0
1.411 0.853 0
1.395 0.988 3
1.389 2.278 3
1.382 2.283 3
1.370 1.432 3
1.357 1.746 3
1.346 1.748 3
1.335 1.754 3
1.327 1.762 3
1.318 1.774 3
1.306 2.350 3
1.292 2.359 3
1.279 1.001 3
1.267 2.373 3
1.251 2.380 3
1.238 2.387 3
1.229 2.394 3
1.216 2.401 3
1.204 2.408 3
1.191 2.415 3
1.177 2.424 3
1.163 2.429 3
1.149 1.600 3
1.132 1.601 3
1.119 0.943 3
1.105 0.940 3
1.091 0.938 3
1.080 0.938 3
1.067 0.938 3
1.053 0.939 3
1.038 0.933 3
1.019 0.933 3
1.005 0.933 3
0.991 0.933 3
0.975 0.933 3
0.961 0.935 3
0.946 0.935 3
0.935 0.937 3
0.922 0.939 3
0.908 2.468 3
0.894 2.470 2
0.876 2.483 2
0.862 3.642 2
0.848 3.646 2
0.835 3.652 2
0.823 3.658 2
0.815 0.885 2
0.815 3.663 2
0.818 3.661 2
0.820 4.409 2
0.822 4.409 2
0.822 4.409 2
0.821 4.408 2
0.821 3.672 2
0.822 0.914 2
0.826 0.906 2
0.827 0.908 2
0.827 0.862 2
0.828 0.856 2
0.827 0.854 2
0.824 0.849 2
0.823 0.847 2
0.822 0.845 2
0.822 0.843 2
0.822 0.842 2
0.823 0.840 2
0.823 0.844 2
0.824 0.838 2
0.826 0.831 2
0.822 0.830 2
0.821 0.827 2
0.821 0.825 2
0.820 0.823 2
0.820 0.822 2
0.820 0.824 2
0.823 0.865 2
0.822 0.820 2
0.821 0.815 2
0.816 0.810 2
0.815 0.808 2
0.814 0.806 2
0.813 0.804 2
0.813 0.809 2
0.816 0.919 2
0.816 0.916 2
0.817 0.813 2
0.810 0.805 2
0.809 0.801 2
0.807 0.800 2
0.806 0.823 2
0.806 0.863 2
0.805 0.859 2
0.808 0.887 2
0.808 0.896 2
0.807 0.868 2
0.826 0.841 2
0.825 0.834 2
0.841 0.826 2
0.805 0.823 2
0.808 0.829 2
0.808 0.825 2
0.814 0.805 2
0.871 0.798 2
0.889 0.794 2
0.932 0.792 0
0.934 0.792 0
0.926 0.789 0
1.213 0.783 0
1.352 0.782 0
1.349 0.782 0
1.343 0.781 0
1.335 0.781 0
0.910 0.776 0
0.897 0.768 2
1.297 0.766 0
1.282 0.759 0
1.265 0.753 0
1.249 0.745 0
1.233 0.738 0
1.217 0.732 0
1.201 0.725 0
1.184 0.718 0
1.168 0.712 0
1.151 0.706 0
1.133 0.699 0
1.116 0.692 0
1.098 0.686 0
1.080 0.678 0
1.062 0.672 0
1.043 0.665 0
1.024 0.657 0
0.894 0.649 2
0.873 0.642 2
0.967 0.635 0
0.854 0.628 2
EOF
